0 : ChuckTesta
2 : Enemy Count
Bat 0 6
Spider 4 9
2 0 0 -3 :  BACKGROUND!
3 8 -2.5 -0.5 :  SHRINE!
-1 NO HEALTH PICKUP
113 :  Number of world objects
0 7.76668 0 0 14.1965 0 4.35139 0 -16.2297 0 0 1 -0.659721 0 0 0 1
0 8.88147 0 0 -9.18617 0 4.85278 0 -12.8564 0 0 1 0 0 0 0 1
0 5.25185 0 0 -7.90085 0 1.55417 0 -9.98276 0 0 1 0.633331 0 0 0 1
0 1 0 0 -7.43419 0 1 0 -10.1939 0 0 1 0 0 0 0 1
0 12.563 0 0 -10.067 0 4.11388 0 -14.8987 0 0 1 0 0 0 0 1
0 11.0593 0 0 -1.02202 0 4.19305 0 -14.8396 0 0 1 0 0 0 0 1
0 1 0 0 9 0 1 0 10 0 0 2 0 0 0 0 1
0 6 0 0 9 0 3 0 12 0 0 2 0 0 0 0 1
0 1 0 0 12 0 1 0 12 0 0 2 0 0 0 0 1
0 8 0 0 14 0 3 0 14 0 0 2 0 0 0 0 1
3 1.93333 0 0 -16.7191 0 6.33055 0 -3.96842 0 0 1 -4.01111 0 0 0 1
3 1.64816 0 0 -17.0843 0 2.97916 0 -4.13817 0 0 1 0 0 0 0 1
3 2.16667 0 0 -3.72154 0 2.21389 0 -11.7091 0 0 1 -1.24027 0 0 0 1
3 4.6037 0 0 4.5415 0 3.02541 -1.6407 -17.4836 0 1.47137 1.96114 -5.48888 0 0 0 1
3 1.44073 0 0 10.6452 0 -1.6568 -0.0546395 -16.8503 0 0.0984832 -0.919207 -5.54167 0 0 0 1
3 1.90741 0 0 -4.80824 0 -1.32146 1.35965 8.99735 0 -1.53989 -1.16679 0.131943 0 0 0 1
3 1 0 0 6.06619 0 1 0 10.4835 0 0 1 0.870834 0 0 0 1
3 1.89975 0.104037 0.285641 6.27361 0 -1.86768 0.461963 11.8821 0.358803 -0.550842 -1.51238 0.765282 0 0 0 1
3 0.824501 0.352097 0.442974 6.53285 0 -0.782832 0.622232 13.0432 0.565861 -0.513031 -0.645446 1.1611 0 0 0 1
6 0.0773839 0 -1.18117 0.761658 0 1 0 -9.45644 0.997001 0 0.0916785 -1.08195 0 0 0 1
6 -0.148858 0 1.17152 4.08017 0 1 0 -9.48282 -0.988859 0 -0.176355 -1.53056 0 0 0 1
7 1 0 0 1.98485 0 1 0 -7.31906 0 0 0.393059 1.1875 0 0 0 1
7 1 0 0 -10.9236 0 1 0 -3.5615 0 0 1 1.60972 0 0 0 1
7 1 0 0 -8.86058 0 1 0 -3.48233 0 0 1 1.26666 0 0 0 1
9 1 0 0 13 0 1 0 11 0 0 1 0 0 0 0 1
9 1 0 0 12 0 1 0 11 0 0 1 0 0 0 0 1
9 1 0 0 -2 0 1 0 10 0 0 1 0 0 0 0 1
9 1 0 0 -13 0 1 0 5 0 0 1 0 0 0 0 1
9 1 0 0 -13 0 1 0 4 0 0 1 0 0 0 0 1
9 1 0 0 -14 0 1 0 4 0 0 1 0 0 0 0 1
9 1 0 0 -15 0 1 0 -2 0 0 1 0 0 0 0 1
9 1 0 0 -16 0 1 0 -2 0 0 1 0 0 0 0 1
9 1 0 0 -14 0 1 0 -6 0 0 1 0 0 0 0 1
9 1 0 0 -6 0 1 0 -9 0 0 1 0 0 0 0 1
9 1 0 0 -11 0 1 0 -10 0 0 1 0 0 0 0 1
9 1 0 0 -14 0 1 0 -11 0 0 1 0 0 0 0 1
10 1 0 0 11 0 1 0 10 0 0 1 0 0 0 0 1
10 1 0 0 9 0 1 0 9 0 0 1 0 0 0 0 1
10 1 0 0 -3 0 1 0 9 0 0 1 0 0 0 0 1
10 1 0 0 -5 0 1 0 8 0 0 1 0 0 0 0 1
10 -0.0302975 0.99954 0 -7 -0.99954 -0.0302975 0 7 0 0 1 0 0 0 0 1
10 1 0 0 -9 0 1 0 6 0 0 1 0 0 0 0 1
10 1 0 0 -11 0 1 0 5 0 0 1 0 0 0 0 1
10 0.0296787 -0.999559 0 -14 0.999559 0.0296787 0 2 0 0 1 0 0 0 0 1
10 0.0296787 -0.999559 0 -15 0.999559 0.0296787 0 0 0 0 1 0 0 0 0 1
10 0.0296787 -0.999559 0 -16 0.999559 0.0296787 0 -4 0 0 1 0 0 0 0 1
10 1 0 0 -16 0 1 0 -6 0 0 1 0 0 0 0 1
10 1 0 0 -13 0 1 0 -10 0 0 1 0 0 0 0 1
10 1 0 0 -10 0 1 0 -3 0 0 1 0 0 0 0 1
10 1 0 0 -6 0 1 0 0 0 0 1 0 0 0 0 1
10 1 0 0 -2 0 1 0 3 0 0 1 0 0 0 0 1
11 1 0 0 15 0 1 0 12 0 0 1 0 0 0 0 1
11 1 0 0 6 0 1 0 10 0 0 1 0 0 0 0 1
11 1 0 0 1 0 1 0 10 0 0 1 0 0 0 0 1
11 1 0 0 -16 0 1 0 -12 0 0 1 0 0 0 0 1
11 1 0 0 2 0 1 0 -13 0 0 1 0 0 0 0 1
11 1 0 0 -3 0 1 0 -13 0 0 1 0 0 0 0 1
11 0.00857083 -0.999963 0 -4.98151 0.999963 0.00857083 0 -11.1222 0 0 1 0.0263901 0 0 0 1
11 1 0 0 -9 0 1 0 -9 0 0 1 0.337219 0 0 0 1
14 1.41481 0 0 16.6619 0 0.1 0.269433 -13.6407 0 -0.971273 0.12639 -1.425 0 0 0 1
14 1.25926 0 0 1.91055 0 1.00276 0.608718 -10.4495 0 -0.769354 0.793387 -6.75556 0 0 0 1
14 1 0 0 9.19475 0 1 0 -10.3974 0 0 1 -6.4125 0 0 0 1
14 -0.782736 0 -0.942934 -11.8924 0 3.1375 0 -2.94898 1.17858 0 -0.626235 -7.20416 0 0 0 1
14 0.999785 0.0118506 0.0170188 -10.4639 0 -0.820646 0.571436 9.9071 0.0207383 -0.571314 -0.82047 -1.05556 0 0 0 1
14 0.238477 -0.427542 0.871973 -4.27115 -0.971148 -0.104988 0.214123 13.9321 0 -0.897878 -0.440244 -2.34861 0 0 0 1
14 0.0230146 -0.8123 0.582784 2.65491 -0.205994 -0.574282 -0.792316 14.239 0.978282 -0.101815 -0.180546 -2.11111 0 0 0 1
21 1 0 0 5 0 1 0 -13 0 0 1 0 0 0 0 1
21 0.14444 0 0 9.37213 0 0.205553 0 -8.10147 0 0 0.577774 0.351852 0 0 0 1
21 0.14444 0 0 9.32028 0 0.205553 0 -11.7431 0 0 0.577774 0.286133 0 0 0 1
21 0.14444 0 0 9.32028 0 0.205553 0 -11.1362 0 0 0.577774 0.286133 0 0 0 1
21 0.14444 0 0 9.29436 0 0.205553 0 -10.4501 0 0 0.577774 0.286133 0 0 0 1
21 0.14444 0 0 9.29436 0 0.205553 0 -9.84314 0 0 0.577774 0.351852 0 0 0 1
21 0.14444 0 0 9.34621 0 0.205553 0 -8.78758 0 0 0.577774 0.351852 0 0 0 1
21 1.77777 0 0 10.0228 0 0.258333 0 -14.7661 0 0 1 0.131943 0 0 0 1
21 1.59631 0 0 9.15027 0 0.181953 0 -14.4863 0 0 0.577774 -0.0305327 0 0 0 1
22 0.688904 0 0 12.3161 0 0.920837 0 -4.05206 0 0 1 0 0 0 0 1
22 0.0085709 -0.999963 0 12.8939 0.999963 0.0085709 0 -5.95336 0 0 1 0 0 0 0 1
22 0.0085709 -0.999963 0 1.98259 0.999963 0.0085709 0 -5.63669 0 0 1 0 0 0 0 1
22 1 0 0 10 0 1 0 -13 0 0 1 0 0 0 0 1
22 0.844452 0 0 8.66444 0 0.524994 0 -14.846 0 0 0.630554 0.501389 0 0 0 1
23 1 0 0 7.05467 0 1 0 -12.9082 0 0 3.375 -5.99028 0 0 0 1
23 1 0 0 9 0 1 0 -4 0 0 1 0 0 0 0 1
23 0.00857503 -0.999963 -0.00017787 9.88014 0.999748 0.00857696 -0.0207375 -10.055 0.0207383 0 0.999785 0 0 0 0 1
23 0.00857503 -0.999963 -0.00017787 5.05789 0.999748 0.00857696 -0.0207375 -10.1508 0.0207383 0 0.999785 0 0 0 0 1
23 1.77779 0 0 8 0 0.920837 0 3 0 0 1 0 0 0 0 1
23 1 0 0 4 0 1 0 -4 0 0 1 0 0 0 0 1
23 0.00857718 -0.999962 0 4.97359 0.999962 0.00857718 0 -15.9052 0 0 1 -0.0527802 0 0 0 1
23 0.00857718 -0.999962 0 9.97743 0.999962 0.00857718 0 -15.8483 0 0 1 -0.0527802 0 0 0 1
23 0.455551 0 0 6.0735 0 0.258333 0 -15.9061 0 0 0.231973 -1.89999 0 0 0 1
23 -0.150267 -0.00463636 0.218951 7.04431 0.00208371 0.258275 0.00478075 -16.6212 -0.43005 0.00287144 -0.0764817 -3.16531 0 0 0 1
23 0.424366 -0.00303637 0.0843087 8.21466 0.00208371 0.258275 0.00478075 -17.4991 -0.165641 -0.00453006 0.216058 -2.46946 0 0 0 1
23 0.248289 -0.00510764 0.194437 8.07761 0.00208371 0.258275 0.00478075 -17.0699 -0.381938 -0.0019113 0.126425 -2.70696 0 0 0 1
23 -0.0777175 0 -0.228573 7.26283 0 0.258333 0 -14.8949 0.448874 0 -0.0395751 -1.18056 0 0 0 1
23 -0.282608 0 -0.18194 6.77025 0 0.258333 0 -15.2241 0.357296 0 -0.143908 -1.18056 0 0 0 1
23 -0.378415 0 -0.129154 6.48506 0 0.258333 0 -15.5491 0.253634 0 -0.192694 -1.70834 0 0 0 1
23 -0.378095 0 0.129397 6.34798 0 0.258333 0 -16.2713 -0.254111 0 -0.192531 -2.4334 0 0 0 1
23 0.0908149 0.00498166 -0.227274 7.65918 0.00208371 0.258275 0.00478075 -14.6131 0.446404 -0.00221902 0.046213 -0.886139 0 0 0 1
23 2.86665 0 0 -2.02962 0 1.21111 0 -17.2649 0 0 2.8736 -3.66806 0 0 0 1
27 1.41483 0 0 5.47681 0 1.05277 0 -1.54785 0 0 1 -0.580559 0 0 0 1
27 1.41483 0 0 10.4251 0 1.05277 0 -1.54785 0 0 1 -0.580559 0 0 0 1
28 1 0 0 6.18439 0 1 0 -11.5983 0 0 1 -1.76806 0 0 0 1
28 0.951995 0 -0.306114 5.49649 0 1 0 -2.71172 0.306114 0 0.951995 -0.659721 0 0 0 1
28 0.951995 0 -0.306114 10.4483 0 1 0 -2.73811 0.306114 0 0.951995 -0.659721 0 0 0 1
31 0.76149 0 -0.648177 2.92181 0 1 0 -3.09216 0.648177 0 0.76149 -0.897224 0 0 0 1
32 0.533325 0 0 14.3009 0 0.577782 0 -11.8692 0 0 1 -3.29861 0 0 0 1
33 1 0 0 15.5941 0 1 0 -11.8975 0 0 1 -2.82362 0 0 0 1
34 0.948151 0 0 2.23428 0 0.656944 0 -11.7563 0 0 1 -0.844444 0 0 0 1
35 1 0 0 2.27409 0 1 0 -8.13254 0 0 1 -0.738892 0 0 0 1
36 1 0 0 12.8512 0 1 0 -9.93717 0 0 1 -0.686111 0 0 0 1
36 1.02592 0 0 12.8252 0 1.21111 0 -10.4261 0 0 1 1.74167 0 0 0 1
36 1 0 0 -4.0461 0 0.766985 0.641665 -10.5302 0 -0.641665 0.766985 -0.204773 0 0 0 1
36 1.02592 0 0 4.2496 0 1.34306 0 -0.745995 0 0 1 -0.474998 0 0 0 1
36 1.02592 0 0 11.7016 0 1.34306 0 -0.772385 0 0 1 -0.474998 0 0 0 1
1 : Music ID
0 : Nr of Sounds (type, id, pos.x, pos.y, pos.z, distance, loopType, minInverval, maxInterval)
4 : Nr of Lights 
5.46884 -1.01289 -0.554161 1 0.126666 0 4.82084 8.83704 2 : LIGHTS
7.61024 1.46221 0 0.41926 0.303333 0 2.74931 71.7481 0 : LIGHTS
10.4466 -1.03927 -0.554161 1 0.126666 0 4.82084 8.83704 2 : LIGHTS
7.25357 -13.2848 0 0.994815 0.651666 0.609445 0.862499 14.1407 0 : LIGHTS
OOOOOOOOOOOOOOOOOOOOOOOOOOOOOOOOOOO
OOOOOOOOOOOOOOOOOOOOOOOOOOOOOOOOOOO
OOOOOOOOOOOOOOOOOOOOOOOOOOOOOOOOOOO
OOOOOOOOOOOOOOOOOOOOOOOOOOOOOOOOOOO
OOOOOOOOOOOOOOOOOOOOOOOOOOOOOOOOOOO
OOOOOOOOOOOOOOOOOOOOOOOOOOOOOOXXXXX
OOOOOOOOOOOOOOOOOOOOOOOOOOOOOXXOOOO
OOOOOOOOOOOOOOOXXXXXXXXXXXOXXXOOOOO
OOOOOOOOOOOOOXXXOOOOOOOOOXXXOOOOOOO
OOOOOOOOOOXXXXOOOOOOOOOOOOOOOOOOOOO
OOOOOOOOOOXOOOOOOOOOOOOOOOOOOOOOOOO
OOOOOOOXXXXOOOOOOOOOOOOOOOOOOOOOOOO
OOOOXXXXOOOOOOOOOOOOOOOOOOOOOOOOOOO
OOOXXOOOOOOOOOOOOOOOOOOOOOOOOOOOOOO
OOOXOOOOOOOOOOXXXOOOOXXXXXXXXXOOOOX
OOOXOOOOOOOOOOOOOOOOOOOOOOOOOOOOOOO
OOXXOOOOOOOOOOOOOOOOOOOOOOOOOOOOOOO
OOXOOOOOOOXXXOOOOOOOOOOOOOOOOOOOOOO
OOXOOOOOOOOOOOOOOOOOOOOOOOOOOOOOOOO
OXXOOOOOOOOOOOOOOOOOOOOOOOOOOOOOOOO
OXOOOOXXXOOOOOOOOOOOOOOOOOOOOOOOOOO
XXOOOOOOOOOOOOOOOOOXXXXXXXXXXXXOOOO
XXOOOOOOOOOOOOOOOOOXOOOOOOOOOOXOOOO
XXXXOOOOOOOOOOOOOOOXOOOOOOOOOOXOOOO
OOOOOOOOOOOOOOOOOOOXOOOOOOOOOOXOOOO
OOOOOOOOOOOOOOOOOOOOOOXOOOOXOOOOOOO
OOOOOOXXXXXXXOOOOOOOOOXOOOOXOOOOOOO
OOOXXXXOOOOOXOOOOOOOOOXOOOOXOOOOOOO
OOOXOOOOOOOOXXOOOOOOOOXOOOOXOOOOOOO
XXXXOOOOOOOOOXOOOOOOOOXOOOOXOOOOOOO
OOOOOOOOOOOOOXXXXXXXXXXOOOXXXXXXXXX
OOOOOOOOOOOOOOOOOOOOOOXOOOXOOOOOOOO
OOOOOOOOOOOOOOOOOOOOOOXOOXXXOOOOOOO
OOOOOOOOOOOOOOOOOOOOOOXOOOOXOOOOOOO
OOOOOOOOOOOOOOOOOOOOOOXOOOOXOOOOOOO
