1 Bossbat 1 0
0 : Enemy Count
3 0 0 -4 :  BACKGROUND!
-1 NO SHRINE
-1
63 :  Number of world objects
0 8 0 0 -17 0 5 0 10 0 0 2 0 0 0 0 1
0 8 0 0 -9 0 5 0 10 0 0 2 0 0 0 0 1
0 8 0 0 -1 0 5 0 10 0 0 2 0 0 0 0 1
0 8 0 0 7 0 5 0 10 0 0 2 0 0 0 0 1
0 6 0 0 -13 0 9 0 -5 0 0 2 0 0 0 0 1
0 28 0 0 0 0 6 0 -12 0 0 2 0 0 0 0 1
0 5 0 0 13 0 20 0 1 0 0 2 0 0 0 0 1
2 0.792587 0 0 4.4926 0 0.551388 0 6.18751 0 0 0.630554 -1.13473 0 0 0 1
2 0.792587 0 0 5.47778 0 0.551388 0 6.37223 0 0 0.630554 -0.950005 0 0 0 1
2 0.792587 0 0 5.01111 0 0.551388 0 6.79445 0 0 0.630554 -0.580559 0 0 0 1
2 0.792587 0 0 6.41112 0 0.551388 0 6.05556 0 0 0.630554 -0.844452 0 0 0 1
2 0.792587 0 0 5.86668 0 0.551388 0 6.34584 0 0 0.630554 -0.633339 0 0 0 1
2 1 0 0 -2.69624 0 1 0 6.87257 0 0 1 -12.7986 0 0 0 1
2 1 0 0 -1.68513 0 1 0 8.08646 0 0 1 -13.9597 0 0 0 1
2 1 0 0 -1.03697 0 1 0 7.50591 0 0 1 -12.0333 0 0 0 1
2 1 0 0 3.04092 0 1 0 6.79341 0 0 1 -13.0361 0 0 0 1
2 1 0 0 2.23721 0 1 0 7.71702 0 0 1 -11.2153 0 0 0 1
2 1 0 0 0.966843 0 1 0 8.03368 0 0 1 -10.4236 0 0 0 1
2 1 0 0 -0.459076 0 1 0 7.06287 0 0 1 -16.6 0 0 0 1
2 1 0 0 1.48537 0 1 0 7.59065 0 0 1 -15.782 0 0 0 1
2 1 0 0 0.500168 0 1 0 7.7226 0 0 1 -16.4417 0 0 0 1
2 1 0 0 -1.6776 0 1 0 7.16843 0 0 1 -15.65 0 0 0 1
2 1.18149 0 0 0.0853577 0 1.7125 0 6.85175 0 0 0.656944 -14.225 0 0 0 1
3 0.70516 0.709022 -0.00608149 -11.444 0 0.00857698 0.999963 0.517014 0.709048 -0.705134 0.00604815 0.818062 0 0 0 1
3 0.528954 -0.0191062 0.0714949 -10.7736 -0.0673613 -0.0556464 0.570598 0.800354 -0.0110606 -0.574826 -0.0559345 0.474998 0 0 0 1
3 -0.467365 0.117164 0.252159 -10.7736 0.223718 -0.0722533 0.519693 0.721176 0.126378 0.561194 0.0125454 0.897232 0 0 0 1
3 1 0 0 -11.1867 0 1 0 0.784378 0 0 1 -0.395828 0 0 0 1
3 0.220562 0.607139 0.76337 -10.6385 -0.353795 -0.679542 0.64269 1.19688 0.908945 -0.41183 0.0649218 -0.237503 0 0 0 1
4 0.945204 -0.279704 0.168385 -14.7756 -0.317858 -0.906139 0.279058 1.00523 0.0745271 -0.31729 -0.945394 0.844452 0 0 0 1
5 1 0 0 -16.7745 0 1 0 2.60641 0 0 1 -0.0791702 0 0 0 1
9 1 0 0 -16 0 1 0 1 0 0 1 0 0 0 0 1
9 1 0 0 -16 0 1 0 2 0 0 1 0 0 0 0 1
9 1 0 0 -17 0 1 0 2 0 0 1 0 0 0 0 1
9 1 0 0 -11 0 1 0 0 0 0 1 0 0 0 0 1
9 1 0 0 -13 0 1 0 4 0 0 1 0 0 0 0 1
9 1 0 0 -13 0 1 0 5 0 0 1 0 0 0 0 1
9 1 0 0 -13 0 1 0 6 0 0 1 0 0 0 0 1
9 1 0 0 -10 0 1 0 -9 0 0 1 0 0 0 0 1
9 1 0 0 -10 0 1 0 -7 0 0 1 0 0 0 0 1
9 1 0 0 -10 0 1 0 -8 0 0 1 0 0 0 0 1
9 1 0 0 9 0 1 0 -3 0 0 1 0 0 0 0 1
10 1 0 0 -16 0 1 0 7 0 0 1 0 0 0 0 1
10 1 0 0 -8 0 1 0 -6 0 0 1 0 0 0 0 1
10 1 0 0 8 0 1 0 -6 0 0 1 0 0 0 0 1
11 1 0 0 -7 0 1 0 -9 0 0 1 0 0 0 0 1
11 0.00857707 0.999963 0 -10 -0.999963 0.00857707 0 1 0 0 1 0 0 0 0 1
11 0.00857707 0.999963 0 -10 -0.999963 0.00857707 0 -4 0 0 1 0 0 0 0 1
11 0.00857707 0.999963 0 10 -0.999963 0.00857707 0 -6 0 0 1 0 0 0 0 1
11 0.00857707 0.999963 0 10 -0.999963 0.00857707 0 -1 0 0 1 0 0 0 0 1
11 0.00857707 0.999963 0 10 -0.999963 0.00857707 0 4 0 0 1 0 0 0 0 1
11 1 0 0 8 0 1 0 7 0 0 1 0 0 0 0 1
11 1 0 0 3 0 1 0 7 0 0 1 0 0 0 0 1
11 1 0 0 -2 0 1 0 7 0 0 1 0 0 0 0 1
11 1 0 0 -7 0 1 0 7 0 0 1 0 0 0 0 1
11 1 0 0 -12 0 1 0 7 0 0 1 0 0 0 0 1
11 1 0 0 8 0 1 0 -9 0 0 1 0 0 0 0 1
11 1 0 0 3 0 1 0 -9 0 0 1 0 0 0 0 1
11 1 0 0 -2 0 1 0 -9 0 0 1 0 0 0 0 1
11 1 0 0 -14 0 1 0 0 0 0 1 0 0 0 0 1
17 0.0172394 -0.7141 -0.699831 -14.0186 0.998027 -0.0299744 0.0551708 0.626381 -0.0603746 -0.699401 0.712174 -1.00278 0 0 0 1
17 0.0802328 -0.888583 -0.451643 -11.7631 -0.977872 -0.157991 0.137124 0.837494 -0.193202 0.430646 -0.881598 0.633339 0 0 0 1
17 -0.283742 -0.230139 -0.930874 -9.14445 -0.0671013 0.973158 -0.220139 -3.18465 0.95655 0 -0.291569 0 0 0 0 1
17 -0.983131 0.173572 0.0576734 -12.8689 0.167638 0.981222 -0.0953995 5.24731 -0.0731487 -0.084122 -0.993767 2.00555 0 0 0 1
2 : Music ID
0 : Nr of Sounds (type, id, pos.x, pos.y, pos.z, distance, loopType, minInverval, maxInterval)
2 : Nr of Lights 
-13.9891 2.89763 2.1375 0.994815 0.920834 1 1.24791 22.3889 0 : LIGHTS
0.477722 3.55456 -2.69167 0.948151 0.994722 1 1.45626 61.5963 0 : LIGHTS
OOOOOOOOOOOOOOOOOOOOOOOOOOOOOOOOOOO
OOOOOOOOOOOOOOOOOOOOOOOOOOOOOOOOOOO
OOOOOOOOOOOOOOOOOOOOOOOOOOOOOOOOOOO
OOOOOOOOOOOOOOOOOOOOOOOOOOOOOOOOOOO
OOOOOOOOOOOOOOOOOOOOOOOOOOOOOOOOOOO
OOOOOOOOOOOOOOOOOOOOOOOOOOOOOOOOOOO
OOOOOOOOOOOOOOOOOOOOOOOOOOOOOOOOOOO
OOOOOOOOOOOOOOOOOOOOOOOOOOOOOOOOOOO
OOOOOOOOOOOOOOOOOOOOOOOOOOOOOOOOOOO
OOOOOOOOOOOOOOOOOOOOOOOOOOOOOOOOOOO
XXXXXXXXXXXXXXXXXXXXXXXXXXXXOOOOOOO
OOOOXOOOOOOOOOOOOOOOOOOOOOOXOOOOOOO
OOOOXOOOOOOOOOOOOOOOOOOOOOOXOOOOOOO
OOOOXOOOOOOOOOOOOOOOOOOOOOOXOOOOOOO
OOOOOOOXOOOOOOOOOOOOOOOOOOOXOOOOOOO
XXOOOOOXOOOOOOOOOOOOOOOOOOOXOOOOOOO
OXOOOOXXOOOOOOOOOOOOOOOOOOOXOOOOOOO
OXXXXXXXOOOOOOOOOOOOOOOOOOOXOOOOOOO
OOOOOXOXOOOOOOOOOOOOOOOOOOOXOOOOOOO
OOOOOOOXOOOOOOOOOOOOOOOOOOOXOOOOOOO
OOOOOOOXXOOOOOOOOOOOOOOOOOXXOOOOOOO
OOOOOOOXOOOOOOOOOOOOOOOOOOOXOOOOOOO
OOOOOOOXOOOOOOOOOOOOOOOOOOOXOOOOOOO
OOOOOOOXXXXOOOOOOOOOOOOOXXXXOOOOOOO
OOOOOOOXOOOOOOOOOOOOOOOOOOOXOOOOOOO
OOOOOOOXOOOOOOOOOOOOOOOOOOOXOOOOOOO
OOOOOOOXXXXXXXXXXXXXXXXXXXXXOOOOOOO
OOOOOOOOOOOOOOOOOOOOOOOOOOOOOOOOOOO
OOOOOOOOOOOOOOOOOOOOOOOOOOOOOOOOOOO
OOOOOOOOOOOOOOOOOOOOOOOOOOOOOOOOOOO
OOOOOOOOOOOOOOOOOOOOOOOOOOOOOOOOOOO
OOOOOOOOOOOOOOOOOOOOOOOOOOOOOOOOOOO
OOOOOOOOOOOOOOOOOOOOOOOOOOOOOOOOOOO
OOOOOOOOOOOOOOOOOOOOOOOOOOOOOOOOOOO
OOOOOOOOOOOOOOOOOOOOOOOOOOOOOOOOOOO
