0 : ChuckTesta
1 : Enemy Count
Spellbook -14 -15
-1 NO BACKGROUND
3 7 -5.5 -1 :  SHRINE!
0 -14 3
73 :  Number of world objects
0 10.6444 0 0 -0.152969 0 9.8139 0 16.3074 0 0 5.32778 0.184723 0 0 0 1
19 1.5963 0 0 2.38456 0 0.1 0 7.05838 0 0 1.76527 -6.82904 0 0 0 1
19 1.5963 0 0 2.35863 0 0.00507793 1.763 7.79732 0 -0.099871 0.0896394 -7.64709 0 0 0 1
19 0.1 0 0 1.52914 0 1.6861 0 7.83974 0 0 1.65974 -6.83473 0 0 0 1
19 1.5963 0 0 -1.2964 0 1.60695 0 6.3765 0 0 1.71249 -10.4764 0 0 0 1
19 2.86667 0 0 -3.42233 0 3.05833 0 7.16818 0 0 2.24028 -10.4764 0 0 0 1
19 -0.663714 0 -2.17941 -3.42233 0 3.05833 0 7.16818 2.78878 0 -0.518688 -5.22501 0 0 0 1
28 1.36296 0 0 2.11583 0 -1.73583 -0.059319 11.9563 0 0.103149 -0.998239 -6.63611 0 0 0 1
45 1.38889 0 0 0.514707 0 1.52779 0 6.27637 0 0 1.36945 -6.2278 0 0 0 1
45 0.0760041 1.5255 0.000730012 5.57026 1.38674 -0.0836091 0.0133195 6.06526 0.0135293 0 -1.36938 -6.57086 0 0 0 1
45 1.12963 0 0 7.43971 0 1.21111 0 12.0243 0 0 1.34306 -0.0263824 0 0 0 1
45 0.203534 0 -1.32108 9.1249 0 1.21111 0 11.9451 1.11114 0 0.24199 -1.425 0 0 0 1
46 1.46667 0 0 1.99879 0 1.36945 0 6.11079 0 0 1.44861 -6.91389 0 0 0 1
46 0.56382 0.824872 -0.0411369 8.43253 -0.825438 0.564468 0.00523845 12.0289 0.0275415 0.0310025 0.99914 0.0263901 0 0 0 1
46 0.670979 0 1.08262 7.84083 -0.539918 1.14577 0.366239 12.8485 -0.882828 -0.700729 0.598844 -0.105553 0 0 0 1
47 -0.0883481 0 -0.996089 7.74276 0 1 0 7.04256 0.996089 0 -0.0883481 -8.42995 0 0 0 1
47 0.0566913 0 -0.998391 7.74276 0 1 0 7.04256 0.998391 0 0.0566913 -6.50356 0 0 0 1
47 0.0566913 0 -0.998391 7.74276 0 1 0 7.04256 0.998391 0 0.0566913 -4.41882 0 0 0 1
47 -0.000710946 0.999921 0.0125206 8.06922 -0.600331 0.00958674 -0.799694 14.3698 -0.799752 -0.00808515 0.600276 -0.158333 0 0 0 1
47 0.0359734 0 0.999353 5.92109 0 1 0 12.9712 -0.999353 0 0.0359734 0 0 0 0 1
48 -0.0262374 0 0.999655 16.1815 0 1 0 6.92084 -0.999655 0 -0.0262374 -3.29861 0 0 0 1
52 1.46667 0 0 2.40352 0 1.63333 0 7.56047 0 0 1 -7.30972 0 0 0 1
53 1 0 0 -8 0 1 0 17 0 0 1 -3 0 0 0 1
53 1 0 0 -8 0 1 0 11 0 0 1 -3 0 0 0 1
53 1 0 0 -3 0 1 0 8 0 0 1 -2 0 0 0 1
53 1 0 0 -8 0 1 0 8 0 0 1 -2 0 0 0 1
53 -0.0262374 0 -0.999655 -11 0 1 0 16 0.999655 0 -0.0262374 0 0 0 0 1
53 -0.0262374 0 -0.999655 -11 0 1 0 10 0.999655 0 -0.0262374 0 0 0 0 1
53 -0.0262374 0 -0.999655 -11 0 1 0 8 0.999655 0 -0.0262374 0 0 0 0 1
53 -0.0262374 0 -0.999655 -6.02593 0 1 0 13.6042 0.999655 0 -0.0262374 0 0 0 0 1
53 1 0 0 7 0 1 0 8 0 0 1 -2 0 0 0 1
53 1 0 0 12 0 1 0 8 0 0 1 -2 0 0 0 1
53 -0.0676695 0 0.997707 14.9312 0 1 0 7.9873 -0.997707 0 -0.0676695 -4.88194 0 0 0 1
54 1 0 0 15 0 1 0 8 0 0 1 -5 0 0 0 1
54 1 0 0 14 0 1 0 14 0 0 1 -5 0 0 0 1
54 1 0 0 12.0296 0 1 0 14.1583 0 0 1 -2.63333 0 0 0 1
54 1 0 0 7 0 1 0 14 0 0 1 -2.81805 0 0 0 1
54 0.0359742 0 0.999352 14.1556 0 1 0 13.7889 -0.999352 0 0.0359742 -4.69167 0 0 0 1
54 -0.0676703 0 -0.997707 15.0103 0 1 0 2.18628 0.997707 0 -0.0676703 -0.0263977 0 0 0 1
55 -0.0469644 0 -0.998896 15 0 1 0 8 0.998896 0 -0.0469644 0 0 0 0 1
56 1 0 0 -8 0 1 0 5 0 0 1 0 0 0 0 1
56 1 0 0 -3 0 1 0 5 0 0 1 0 0 0 0 1
56 1 0 0 2 0 1 0 5 0 0 1 0 0 0 0 1
56 1 0 0 7 0 1 0 5 0 0 1 0 0 0 0 1
56 1 0 0 12 0 1 0 5 0 0 1 0 0 0 0 1
56 1 0 0 2 0 1 0 5 0 0 1 -3 0 0 0 1
56 1 0 0 2 0 1 0 5 0 0 1 -6 0 0 0 1
56 1 0 0 -3 0 1 0 5 0 0 1 -6 0 0 0 1
56 1 0 0 -3 0 1 0 5 0 0 1 -3 0 0 0 1
56 1 0 0 7 0 1 0 5 0 0 1 -6 0 0 0 1
56 1 0 0 7 0 1 0 5 0 0 1 -3 0 0 0 1
56 1 0 0 7 0 1 0 5 0 0 1 -9 0 0 0 1
56 1 0 0 2 0 1 0 5 0 0 1 -9 0 0 0 1
56 1 0 0 -3 0 1 0 5 0 0 1 -9 0 0 0 1
56 1 0 0 2 0 1 0 10.8416 0 0 1 -3 0 0 0 1
56 1 0 0 -2.49998 0 1 0 10.8416 0 0 1 -3 0 0 0 1
56 1 0 0 6.99998 0 1 0 10.8416 0 0 1 -3 0 0 0 1
56 1 0 0 2.11852 0 1 0 10.868 0 0 1 -5.87639 0 0 0 1
56 1 0 0 7.12222 0 1 0 10.9208 0 0 1 -5.87639 0 0 0 1
56 1 0 0 -2.78148 0 1 0 11 0 0 1 -5.87639 0 0 0 1
56 1 0 0 -3 0 1 0 11 0 0 1 0 0 0 0 1
56 1 0 0 2 0 1 0 11 0 0 1 0 0 0 0 1
56 1 0 0 7 0 1 0 11 0 0 1 0 0 0 0 1
56 1 0 0 17 0 1 0 11 0 0 1 0 0 0 0 1
56 1 0 0 12 0 1 0 16 0 0 1 0 0 0 0 1
56 1 0 0 7 0 1 0 16 0 0 1 0 0 0 0 1
56 1 0 0 17 0 1 0 16 0 0 1 0 0 0 0 1
56 1 0 0 15 0 1 0 5 0 0 1 -3 0 0 0 1
56 1 0 0 15 0 1 0 11 0 0 1 -3 0 0 0 1
56 1 0 0 17 0 1 0 16 0 0 1 -3 0 0 0 1
56 1 0 0 16 0 1 0 -7 0 0 1 0 0 0 0 1
57 1 0 0 9 0 1 0 11 0 0 1 1.26389 0 0 0 1
57 1 0 0 14.3963 0 1 0 11.0002 0 0 1 1.29305 0 0 0 1
-1 : Music ID
0 : Nr of Sounds (type, id, pos.x, pos.y, pos.z, distance, loopType, minInverval, maxInterval)
2 : Nr of Lights 
1.84023 8.36743 -6.54444 0.258519 0.794166 1 2.82847 17.4185 0 : LIGHTS
2.12542 10.4521 -6.54444 0 0.387776 1 4.16111 3.57408 2 : LIGHTS
OOOOOOXOOOOXOOOOOOOOOOOOOOOOOOOOOOO
OOOOOOXOOOOXOOOOOOOOOOOOOOXXXXXXXXX
OOOOOOXOOOOXOOOOOOOOOOOOOOXOOOOOOOO
OOOOOOXOOOOXOOOOOOOOOOOOOOXOOOOOOOO
OOOOOOXOOOOXOOOOOOOOOOOOOOXOOOOOOOO
OOOOOOXOOOOXOOOOOOOOOOOOOOXOOOOOOOO
OOOOOOXOOOOXXXXXXXXXXXXXXXXXOOOXXXX
OOOOOOXOOOOOOOOOOOOOOOOOOOOOOOOOXOO
OOOOOOXOOOOOOOOOOOOOOOOOOOOOOOOOXOO
OOOOOOXOOOOOOOOOOOOOOOOOOOOOOOOOXOO
OOOOOOXOOOOOOOOOOOOOOOOOOOOOOOOOXOO
OOOOOOXOOOOOOOOOOOOOOOOOOOOOOOOOXOO
XXXXXXXXXXXXXXXXXXXXXXXXXXXXXXXXXOO
XOOOOOOOOOOOOOOOOOOOOOOOOOOOOOOOXOO
XOOOOOOOOOOOOOOOOOOOOOOOOOOOOOOOXOO
XOOOOOOOOOOOOOOOOOOOOOOOOOOOOOOOXOO
XOOOOOOOOOOOOOOOOOOOOOOOOOOOOOOOXOO
XOOOOOOOOOOOOOOOOOOOOOOOOOOOOOOOXOO
XOOOOOOOOOOOOOOOOOOOOOOOOOOOOOOOXXX
XOOXOOOOOOOOOOOOOOOOOOOOOOOOOOOOOOO
XOOOOOOOOOOOOXXXOOOOOOOOOOOOOOOOOOO
XOOOOOOOOOOOOXOXOOOOOOOOOOOOOOOOOOO
XOOOOOOOOOOOOXXXOOOOOOOOOOOOOOOOOOO
XOOOOOOOOOOOOOOOOOOOOOOOOOOOOOOOOOO
OOOOOOOOOOOOOOOOOOOOOOXXXXXOOOOXXXX
OOOOOOOOOOOOOOOOOOOOOOOOOOOOOOOOOOO
OOOOOXXXOOOOOOOOOOOOOOOOOOOOOOOOOOO
OOOOOOOOOOOOOOOOOOOOOOOOOOOOOOOOOOO
OOOOOOOOOOOOOOOOOOOOOOOOOOOOOOOOOOO
OOOOOOOOOOOOOOOOOOOOOOOOOOOOOOOOOOO
OOOOOOOOOOOOOOOOOOOOOOOOOOOOOOOOOOO
OOOOOOOOOOOOOOOOOOOOOOOOOOOOOOOOOOO
OOOOOOOOOOOOOOOOOOOOOOOOOOOOOOOOOOO
OOOOOOOXXXOOOOOOOOOOOOOOOOOOOOOOOOO
OOOOOOOOOOOOOOOOOOOOOOOOOOOOOOOOOOO
