0 : ChuckTesta
1 : Enemy Count
Spellbook -14 -15
2 0 0 -12 :  BACKGROUND!
3 7 -5.5 -1 :  SHRINE!
0 -14 3
113 :  Number of world objects
0 10.6444 0 0 -0.152969 0 9.8139 0 16.3074 0 0 5.32778 0.184723 0 0 0 1
11 -0.743183 -13.0225 0 -15.8661 4.59585 -2.10583 0 -1.48526 0 0 0.759729 -16.0972 0 0 0 1
11 4.55185 0 0 -18.2519 0 12.2944 0 -3.9861 0 0 1 -15.4111 0 0 0 1
12 8.05185 0 0 11.9191 0 8.33611 0 -6.49786 0 0 1 -17.2319 0 0 0 1
19 1.5963 0 0 2.38456 0 0.1 0 7.05838 0 0 1.76527 -6.82904 0 0 0 1
19 1.5963 0 0 2.35863 0 0.00507793 1.763 7.79732 0 -0.099871 0.0896394 -7.64709 0 0 0 1
19 0.1 0 0 1.52914 0 1.6861 0 7.83974 0 0 1.65974 -6.83473 0 0 0 1
19 1.5963 0 0 -1.2964 0 1.60695 0 6.3765 0 0 1.71249 -10.4764 0 0 0 1
19 2.86667 0 0 -3.42233 0 3.05833 0 7.16818 0 0 2.24028 -10.4764 0 0 0 1
19 -0.663714 0 -2.17941 -3.42233 0 3.05833 0 7.16818 2.78878 0 -0.518688 -5.22501 0 0 0 1
19 1.85555 0 0 13.4303 0 1.97639 0 6.42052 0 0 1.79167 0 0 0 0 1
19 1.7774 0 -0.0338759 11.6481 0 1.84445 0 6.35149 0.0368718 0 1.63298 -0.237503 0 0 0 1
19 0.792211 0 -0.0338759 10.3259 0 0.841675 0 5.90288 0.0368718 0 0.920486 -0.897217 0 0 0 1
19 2.76296 0 0 -8.95095 0 2.84721 0 6.9212 0 0 2.84723 0 0 0 0 1
19 1.82963 0 0 -6.59169 0 1.95 0 6.4726 0 0 2.39861 0.237503 0 0 0 1
19 1.82963 0 0 -9.38057 0 2.08194 0 9.2962 0 0 2.39861 0.237503 0 0 0 1
19 1 0 0 -5.22778 0 1 0 5.97362 0 0 1 -0.765274 0 0 0 1
28 1.36296 0 0 2.11583 0 -1.73583 -0.059319 11.9563 0 0.103149 -0.998239 -6.63611 0 0 0 1
45 1.38889 0 0 0.514707 0 1.52779 0 6.27637 0 0 1.36945 -6.2278 0 0 0 1
45 0.0760041 1.5255 0.000730012 5.57026 1.38674 -0.0836091 0.0133195 6.06526 0.0135293 0 -1.36938 -6.57086 0 0 0 1
45 1.12963 0 0 7.43971 0 1.21111 0 12.0243 0 0 1.34306 -0.0263824 0 0 0 1
45 0.203534 0 -1.32108 9.1249 0 1.21111 0 11.9451 1.11114 0 0.24199 -1.425 0 0 0 1
46 1.46667 0 0 1.99879 0 1.36945 0 6.11079 0 0 1.44861 -6.91389 0 0 0 1
46 0.56382 0.824872 -0.0411369 8.43253 -0.825438 0.564468 0.00523845 12.0289 0.0275415 0.0310025 0.99914 0.0263901 0 0 0 1
46 0.670979 0 1.08262 7.84083 -0.539918 1.14577 0.366239 12.8485 -0.882828 -0.700729 0.598844 -0.105553 0 0 0 1
47 -0.0883481 0 -0.996089 7.74276 0 1 0 7.04256 0.996089 0 -0.0883481 -8.42995 0 0 0 1
47 0.0566913 0 -0.998391 7.74276 0 1 0 7.04256 0.998391 0 0.0566913 -6.50356 0 0 0 1
47 0.0566913 0 -0.998391 7.74276 0 1 0 7.04256 0.998391 0 0.0566913 -4.41882 0 0 0 1
47 -0.000710946 0.999921 0.0125206 8.06922 -0.600331 0.00958674 -0.799694 14.3698 -0.799752 -0.00808515 0.600276 -0.158333 0 0 0 1
47 0.0359734 0 0.999353 5.92109 0 1 0 12.9712 -0.999353 0 0.0359734 0 0 0 0 1
47 0.535274 0.219525 -0.815652 11.0347 0.606769 0.571849 0.552102 -8.67934 0.587631 -0.790439 0.172896 5.38335 0 0 0 1
47 0.84834 0.321445 -0.420704 -11.6223 -0.351157 0.936288 0.00728408 -3.151 0.396242 0.141554 0.907169 -3.35138 0 0 0 1
48 -0.0262374 0 0.999655 16.1815 0 1 0 6.92084 -0.999655 0 -0.0262374 -3.29861 0 0 0 1
48 1 0 0 -4.67788 0 1 0 -2.30519 0 0 1 -1.66251 0 0 0 1
48 0.903326 -0.428954 0 -6.82973 0.428954 0.903326 0 -3.54547 0 0 1 -7.59312 0 0 0 1
49 1 0 0 4.4458 0 -0.972235 0.234 -7.54735 0 -0.234 -0.972235 6.72917 0 0 0 1
49 0.595158 -0.237123 -0.767825 8.67173 0 -0.955473 0.295073 -9.15704 -0.803608 -0.175615 -0.568658 4.67084 0 0 0 1
49 0.595158 -0.237123 -0.767825 2.76062 0 -0.955473 0.295073 -1.08205 -0.803608 -0.175615 -0.568658 -2.37498 0 0 0 1
49 -0.84204 0.387786 -0.374953 8.54708 0 0.695111 0.718902 -7.56538 0.539414 0.605344 -0.585311 7.62643 0 0 0 1
49 1 0 0 -12.8741 0 1 0 -3.68997 0 0 1 -1.89999 0 0 0 1
50 -0.426894 0.503954 -0.75086 8.49522 -0.882567 -0.0512385 0.467385 -8.00984 0.197068 0.862208 0.466647 4.93472 0 0 0 1
50 -0.426894 0.503954 -0.75086 10.5434 -0.882567 -0.0512385 0.467385 -8.51123 0.197068 0.862208 0.466647 6.76389 0 0 0 1
50 0.517694 -0.514282 0.683743 5.20263 -0.367295 -0.855373 -0.365278 -8.27373 0.772713 -0.0620328 -0.631715 6.71111 0 0 0 1
50 0.517694 -0.514282 0.683743 9.24708 -0.367295 -0.855373 -0.365278 -0.04039 0.772713 -0.0620328 -0.631715 0.747208 0 0 0 1
51 1 0 0 5.90138 0 1 0 -3.21811 0 0 1 6.78197 0 0 0 1
51 0.719712 -0.422615 0.550826 8.88286 0 0.793387 0.608717 -5.83061 -0.694272 -0.438102 0.57101 7.23059 0 0 0 1
51 -0.999952 0.00472667 -0.00851683 10.3088 0 0.874367 0.485264 -1.41678 0.0097404 0.485241 -0.874326 -1.18752 0 0 0 1
51 0.841897 0.539638 0 -12.7186 -0.539638 0.841897 0 -0.957977 0 0 1 5.43611 0 0 0 1
52 1.46667 0 0 2.40352 0 1.63333 0 7.56047 0 0 1 -7.30972 0 0 0 1
52 0.771375 -0.11377 -0.626126 10.3236 0.50535 0.7075 0.494025 -8.33351 0.38678 -0.697493 0.603243 5.06665 0 0 0 1
52 0.712309 0.378579 -0.591009 -13.5482 -0.503609 0.862199 -0.0546763 -3.46629 0.488869 0.336584 0.804809 -2.00555 0 0 0 1
52 0.479597 -0.813415 -0.329154 5.35543 0.67066 0.581683 -0.460283 -16.6626 0.565864 0 0.824499 -5.25137 0 0 0 1
53 1 0 0 -8 0 1 0 17 0 0 1 -3 0 0 0 1
53 1 0 0 -8 0 1 0 11 0 0 1 -3 0 0 0 1
53 1 0 0 -3 0 1 0 8 0 0 1 -2 0 0 0 1
53 1 0 0 -8 0 1 0 8 0 0 1 -2 0 0 0 1
53 -0.0262374 0 -0.999655 -11 0 1 0 16 0.999655 0 -0.0262374 0 0 0 0 1
53 -0.0262374 0 -0.999655 -11 0 1 0 10 0.999655 0 -0.0262374 0 0 0 0 1
53 -0.0262374 0 -0.999655 -11 0 1 0 8 0.999655 0 -0.0262374 0 0 0 0 1
53 -0.0262374 0 -0.999655 -6.02593 0 1 0 13.6042 0.999655 0 -0.0262374 0 0 0 0 1
53 1 0 0 7 0 1 0 8 0 0 1 -2 0 0 0 1
53 1 0 0 12 0 1 0 8 0 0 1 -2 0 0 0 1
53 -0.0676695 0 0.997707 14.9312 0 1 0 7.9873 -0.997707 0 -0.0676695 -4.88194 0 0 0 1
53 0.561439 -0.774971 -0.290181 -10.2853 0.688453 0.631996 -0.355828 -14.4639 0.459149 0 0.888359 -7.78473 0 0 0 1
53 0.928662 0.370925 0 -4.11861 -0.370925 0.928662 0 -15.0653 0 0 1 -10.6735 0 0 0 1
54 1 0 0 15 0 1 0 8 0 0 1 -5 0 0 0 1
54 1 0 0 14 0 1 0 14 0 0 1 -5 0 0 0 1
54 1 0 0 12.0296 0 1 0 14.1583 0 0 1 -2.63333 0 0 0 1
54 1 0 0 7 0 1 0 14 0 0 1 -2.81805 0 0 0 1
54 0.0359742 0 0.999352 14.1556 0 1 0 13.7889 -0.999352 0 0.0359742 -4.69167 0 0 0 1
54 -0.0676703 0 -0.997707 15.0103 0 1 0 2.18628 0.997707 0 -0.0676703 -0.0263977 0 0 0 1
55 -0.0469644 0 -0.998896 15 0 1 0 8 0.998896 0 -0.0469644 0 0 0 0 1
56 1 0 0 -8 0 1 0 5 0 0 1 0 0 0 0 1
56 1 0 0 -3 0 1 0 5 0 0 1 0 0 0 0 1
56 1 0 0 2 0 1 0 5 0 0 1 0 0 0 0 1
56 1 0 0 7 0 1 0 5 0 0 1 0 0 0 0 1
56 1 0 0 12 0 1 0 5 0 0 1 0 0 0 0 1
56 1 0 0 2 0 1 0 5 0 0 1 -3 0 0 0 1
56 1 0 0 2 0 1 0 5 0 0 1 -6 0 0 0 1
56 1 0 0 -3 0 1 0 5 0 0 1 -6 0 0 0 1
56 1 0 0 -3 0 1 0 5 0 0 1 -3 0 0 0 1
56 1 0 0 7 0 1 0 5 0 0 1 -6 0 0 0 1
56 1 0 0 7 0 1 0 5 0 0 1 -3 0 0 0 1
56 1 0 0 7 0 1 0 5 0 0 1 -9 0 0 0 1
56 1 0 0 2 0 1 0 5 0 0 1 -9 0 0 0 1
56 1 0 0 -3 0 1 0 5 0 0 1 -9 0 0 0 1
56 1 0 0 2 0 1 0 10.8416 0 0 1 -3 0 0 0 1
56 1 0 0 -2.49998 0 1 0 10.8416 0 0 1 -3 0 0 0 1
56 1 0 0 6.99998 0 1 0 10.8416 0 0 1 -3 0 0 0 1
56 1 0 0 2.11852 0 1 0 10.868 0 0 1 -5.87639 0 0 0 1
56 1 0 0 7.12222 0 1 0 10.9208 0 0 1 -5.87639 0 0 0 1
56 1 0 0 -2.78148 0 1 0 11 0 0 1 -5.87639 0 0 0 1
56 1 0 0 -3 0 1 0 11 0 0 1 0 0 0 0 1
56 1 0 0 2 0 1 0 11 0 0 1 0 0 0 0 1
56 1 0 0 7 0 1 0 11 0 0 1 0 0 0 0 1
56 1 0 0 17 0 1 0 11 0 0 1 0 0 0 0 1
56 1 0 0 12 0 1 0 16 0 0 1 0 0 0 0 1
56 1 0 0 7 0 1 0 16 0 0 1 0 0 0 0 1
56 1 0 0 17 0 1 0 16 0 0 1 0 0 0 0 1
56 1 0 0 15 0 1 0 5 0 0 1 -3 0 0 0 1
56 1 0 0 15 0 1 0 11 0 0 1 -3 0 0 0 1
56 1 0 0 17 0 1 0 16 0 0 1 -3 0 0 0 1
56 1 0 0 16 0 1 0 -7 0 0 1 0 0 0 0 1
56 1 0 0 7 0 1 0 -7 0 0 1 -1.08194 0 0 0 1
57 1 0 0 9 0 1 0 11 0 0 1 1.26389 0 0 0 1
57 1 0 0 14.3963 0 1 0 11.0002 0 0 1 1.29305 0 0 0 1
57 1 0 0 9 0 1 0 -7 0 0 1 0.234726 0 0 0 1
57 1 0 0 4.21617 0 1 0 -7 0 0 1 0.234726 0 0 0 1
58 2 0 0 -9.46667 0 2 0 -4.49861 0 0 1 0 0 0 0 1
58 3 0 0 -2.98702 0 2.87085 0 -3.96252 0 0 1.84444 0 0 0 0 1
58 1 0 0 -14 0 1 0 -2 0 0 1 0 0 0 0 1
58 2.91852 0 0 -10.966 0 1.0264 0 -9.01375 0 0 1.81805 0 0 0 0 1
58 3.48889 0 0 -8.45974 0 1 0 -14.9743 0 0 1.63335 0 0 0 0 1
7 : Music ID
0 : Nr of Sounds (type, id, pos.x, pos.y, pos.z, distance, loopType, minInverval, maxInterval)
3 : Nr of Lights 
2.12542 10.4257 -6.54444 0 0.387776 1 4.75487 20.837 0 : LIGHTS
2.12542 10.4257 -6.54444 0 0.387776 1 4.16111 3.57408 2 : LIGHTS
-8.52639 -3.54054 25.2014 1 1 1 0.825693 249.185 0 : LIGHTS
OOOOOOXOOOOXOOOOOOOOOOOOOOOOOOOOOOO
OOOOOOXOOOOXOOOOOOOOOOOOOOXXXXXXXXX
OOOOOOXOOOOXOOOOOOOOOOOOOOXOOOOOOOO
OOOOOOXOOOOXOOOOOOOOOOOOOOXOOOOOOOO
OOOOOOXOOOOXOOOOOOOOOOOOOOXOOOOOOOO
OOOOOOXOOOOXOOOOOOOOOOOOOOXOOOOOOOO
OOOOOOXOOOOXXXXXXXXXXXXXXXXXOOOXXXX
OOOOOOXXXOOOOOOOOOOOOOOOOOOOOOOOXOO
OOOOOOOOXOOOOOOOOOOOOOOOOOOOOOOOXOO
OOOOOOOOXXOOOOOOOOOOOOOOOOOOOOOOXOO
OOOOOOOOOXXXOOOOOOOOOOOOOOOOXXXXXOO
OOOOOOOOOOOXOOOOOOOOOOOOOOOOXOOOXOO
XXXXXXXXXXXXXXXXXXXXXXXXXXXXXOOOXOO
XOOOOOOOOOOOOOOOOOOOOOOOOOOOOOOOXOO
XOOOOOOOOOOOOOOOOOOOOOOOOOOOOOOOXOO
XOOOOOOOOOOOOOOOOOOOOOOOOOOOOOOOXOO
XOOOOOOOOOOOOOOOOOOOOOOOOOOOOOOOXOO
XOOOOOOOOOOOOOOOOOOOOOOOOOOOOOOOXOO
XOOOOOOOOOOOOOOOOOOOOOOOOOOOOOOOXXX
XOOXOOOOOOOOOOOOOOOOOOOOOOOOOOOOOOO
XOOOOOOOOOOOOXXXOOOOOOOOOOOOOOOOOOO
XOOOOOOXXOOOOXOXOOOOOOOOOOOOOOOOOOO
XOOOOOOXXOOOOXXXOOOOOOOOOOOOOOOOOOO
XOOOOOOOOOOOOOOXOOOOOOOOOOOOOOOOOOO
XOOOOOOOOOOOOOOXOOOOOXXXXXXXOOOXXXX
XOOOOOOOOOOOOOOXOOOOOOOOOOOOOOOXOOO
XOOOOXXXOOOOOOOXOOOOOOOOOOOOOOOXOOO
XOOOOOOOOOOOOOOXOOOOOOOOOOOOOOOXOOO
XOOOOOOOOOOOOOOXOOOOOOOOOOOOOOOXOOO
XOOOOOOOOOOOOOOXOOOOOOOOOOOOOOOXOOO
XOOOOOOOOOOOOOOOXXXXXXXXXXXXXXXXXXX
XOOOOOOOOOOOOOOOOOOOOOOOOOOOOOOOOOO
XOOOOOOXXXXOOOOOOOOOOOOOOOOOOOOOOOO
XOOOOOOOOOOOOOOOOOOOOOOOOOOOOOOOOOO
XOOOOOOOOOOOOOOOOOOOOOOOOOOOOOOOOOO
