0 : ChuckTesta
2 : Enemy Count
Spellbook 4 7
Spellbook -11 3
2 0 0 -12 :  BACKGROUND!
-1 NO SHRINE
-1 NO HEALTH PICKUP
41 :  Number of world objects
11 3.67037 0 0 13.4212 0 0.1 -4.79789 -3.5244 0 1.1842 0.142458 -16.5194 0 0 0 1
11 3.67037 0 0 16.1804 0 0.1 -4.79789 9.98671 0 1.1842 0.142458 -16.5194 0 0 0 1
11 5.32963 0 0 14.9488 0 0.00835041 -11.0274 -4.14981 0 0.973565 0.0945815 -16.8361 0 0 0 1
27 0.585184 0 0 10.0254 0 0.630554 0 -0.0180969 0 0 0.577789 5.88472 0 0 0 1
28 1 0 0 -1.88735 0 1 0 -3.7169 0 0 1 -0.818039 0 0 0 1
45 -1.21218 0.344316 -0.789256 9.98957 0 1.27156 0.731624 9.49763 0.778682 0.536 -1.22864 -7.23055 0 0 0 1
45 1.02523 0 -1.02968 -15.2128 0 1.39583 0 7.03326 1.12018 0 0.942392 -1.00278 0 0 0 1
45 -0.866149 0 -1.1465 -13.0869 0.486986 1.28504 -0.310856 5.02771 1.14827 -0.544989 -0.732974 -4.27499 0 0 0 1
45 -0.698219 0 -0.715884 -5.92867 0 1 0 12.0083 0.715884 0 -0.698219 -0.923615 0 0 0 1
46 1.46667 0 0 -14.0214 0 1.05278 0 6.88246 0 0 1.87083 0 0 0 0 1
46 1 0 0 10.4642 0 1 0 -0.834274 0 0 1 5.88472 0 0 0 1
47 0.508773 -0.417764 0.752743 -0.488217 0 0.874367 0.485264 4.55048 -0.860901 -0.246889 0.444855 -5.93748 0 0 0 1
47 1 0 0 6.75993 0 -0.808403 0.588628 10.6199 0 -0.588628 -0.808403 -9.05138 0 0 0 1
48 1.36296 0 0 3.85502 0 -0.0768602 1.00313 3.84053 0 -1.3952 -0.0269335 -0.413879 0 0 0 1
48 1 0 0 -10.9015 0 1 0 1.95633 0 0 1 -2.48056 0 0 0 1
48 0.544036 -0.391593 0.742078 -13.8472 0 0.884414 0.466703 11.3652 -0.839062 -0.253903 0.481153 -3.37779 0 0 0 1
49 0.240994 0.470961 0.848596 -5.70543 0 0.874367 -0.485264 1.94 -0.970526 0.116945 0.210717 4.90833 0 0 0 1
50 0.812585 0.459359 0.358739 7.34215 0 0.6155 -0.788136 0.48233 -0.582842 0.640428 0.500146 6.33882 0 0 0 1
50 0.812585 0.459359 0.358739 13.6755 -0.434197 0.0664937 0.898359 13.1479 0.388816 -0.885757 0.253484 -1.49867 0 0 0 1
51 0.00389473 -0.715751 -0.698343 10.8817 0.999953 -0.00330015 0.00895929 -0.163864 -0.00871727 -0.698346 0.715706 6.04308 0 0 0 1
52 1 0 0 -12.7647 0 1 0 0.814987 0 0 1 1.21388 0 0 0 1
52 0.474271 -0.880378 0 10.8977 0.880378 0.474271 0 -3.77599 0 0 1 -8.73473 0 0 0 1
55 0.0718453 0.997414 0 -7.9149 -0.997414 0.0718453 0 12.4998 0 0 1 -9.50002 0 0 0 1
56 1 0 0 -8 0 1 0 11 0 0 1 0 0 0 0 1
56 1 0 0 -11 0 1 0 0 0 0 1 0 0 0 0 1
56 1 0 0 -2 0 1 0 -5 0 0 1 0 0 0 0 1
57 1 0 0 -15 0 1 0 17.0264 0 0 1 1.16112 0 0 0 1
57 1 0 0 -13.9889 0 1 0 17.0264 0 0 1 1.16112 0 0 0 1
57 1 0 0 -9.04451 0 1 0 -0.0181122 0 0 1 1.31944 0 0 0 1
57 1.8037 0 0 -11.5839 0 1 0 -0.0991211 0 0 1.21111 0.0527802 0 0 0 1
57 1 0 0 14.7829 0 0.664146 -0.747603 -0.260681 0 0.747603 0.664146 -5.99028 0 0 0 1
57 1 0 0 -6.03341 0 1 0 10.972 0 0 1 1.29306 0 0 0 1
57 1 0 0 -10.5445 0 1 0 10.9984 0 0 1 1.29306 0 0 0 1
58 1 0 0 13 0 1 0 5 0 0 1 0 0 0 0 1
58 1 0 0 15 0 1 0 9 0 0 1 0 0 0 0 1
58 2.67407 0 0 8 0 1 0 0 0 0 1 0 0 0 0 1
58 3.74815 0 0 -4.50303 0 1.05276 0 14.9182 0 0 1.84445 0 0 0 0 1
58 2.63333 0 0 0.978421 0 2.60971 0 0.123306 0 0 1.97639 0 0 0 0 1
58 2.9963 0 0 6.97307 0 1 0 -3.91336 0 0 1.97639 0 0 0 0 1
58 10.0741 0 0 -2.2392 0 5.69722 0 -3.93221 0 0 1 9.2097 0 0 0 1
58 2.55555 0 0 -3.0485 0 1.02638 0 8.03181 0 0 2.13474 -0.316666 0 0 0 1
-1 : Music ID
0 : Nr of Sounds (type, id, pos.x, pos.y, pos.z, distance, loopType, minInverval, maxInterval)
2 : Nr of Lights 
-3.88574 5.90184 27.2598 1 1 1 1.43262 236.093 1 : LIGHTS
-1.85807 -2.76743 -0.818069 0.202222 0.010556 0.432779 3 5 2 : LIGHTS
XOXXXOOOOOOOOOOOOOOOOOOOOOOOOOOOOOO
XOOOOOOOOOOOOOOOOOOOOOOOOOOOOOOOOOO
XOOOOOOOOOOXXXXOOOOOOOOOOOOOOOOOOOO
XOOOOOOOOOOOOOOOOOOOOOOOOOOOOOOOOOO
XOOOOOOOOOOOOOOOOOOOOOOOOOOOOOOOOOO
XOOOOOOOOOOOOOOOOOOOOOOOOOOOOOOOOOO
XOOOOOXXXXXXXOOOOOOOOOOOOOOOOOOOOOO
XOOOOOOOOOOOOOOOOOOOOOOOOOOOOOOOOOO
XOOOOOOOOOOOOOOOOOOOOOOOOOOOOOOOXOO
XOOOOOOOOOOOOXXXOOOOOOOOOOOOOOOOOOO
XOXXXOOOOOOOOOOOOOOOOOOOOOOOOOOOOOO
XOOOOOOOOOOOOOOOOOOOOOOOOOOOOOOOOOO
XOOOOOOOOOOOOOOOOOOOOOOOOOOOOOXOOOO
XOOOOOOOOOOOOOOOOOOOXXXOOOOOOOOOOOO
XOOOOOOOOOOOOOOOOOOOOOOOOOOOOOOOOOO
XOOOOOOOOOOOOOOOOOOOOOOOOOOOOOOOOOO
XOOOOOOOOOOOOOOOOXXXOOOOOOOOOOOOOOO
XOOOXXXXXXOOOOOOOXOXOOOOXXXOOOOOOOO
XOOOOOOOOOOOOOOOOXXXOOOOOOOOOOOOOOO
XOOOOOOOOOOOOOOOOOOOOOOOOOOOOOOOOOO
XOOOOOOOOOOOOOOOOOOOOOOOOOOOOOOOOOO
XOOOOOOOOOOOOOOOOOOOOOOXXXOOOOOOOOO
XOOOOOOOOOOOOXXXXXOOOOOOOOOOOOOOOOO
XOOOOOOOOOOOOOOOOOOOOOOOOOOOOOOOOOO
XOOOOOOOOOOOOOOOOOOOOOOOOOOOOOOOOOO
XOOOOOOOOOOOOOOOOOOOOOOOOOOOOOOOOOO
XOOOOOOOOOOOOOOOOOOOOOOOOOOOOOOOOOO
XOOOOOOOOOOOOOOOOOOOOOOOOOOOOOOOOOO
XXXXXXXXXXXXXXXXXXXXXXXXXXXXXXXXXXX
OOOOOOOOOOOOOOOOOOOOOOOOOOOOOOOOOOO
OOOOOOOOOOOOOOOOOOOOOOOOOOOOOOOOOOO
OOOOOOOOOOOOOOOOOOOOOOOOOOOOOOOOOOO
OOOOOOOOOOOOOOOOOOOOOOOOOOOOOOOOXOO
OOOOOOOOOOOOOOOOOOOOOOOOOOOOOOOOOOO
OOOOOOOOOOOOOOOOOOOOOOOOOOOOOOOOXOO
