0 : ChuckTesta
0 : Enemy Count
2 0 0 -3 :  BACKGROUND!
-1 NO SHRINE
-1
36 :  Number of world objects
3 2.60741 0 0 -16.2246 0 2.24028 0 2.88051 0 0 2.16112 -0.263901 0 0 0 1
3 2.60741 0 0 -15.6542 0 2.24028 0 0.268005 0 0 2.16112 0.0527802 0 0 0 1
3 2.37005 0 -2.31825 -14.5394 0 3.375 0 1.218 2.69992 0 2.03501 1.60973 0 0 0 1
3 -1.92505 0 -2.60451 -14.7209 0 3.375 0 1.24438 3.0333 0 -1.65291 -2.03194 0 0 0 1
3 0.238194 -2.61017 0 17.1842 1.18368 0.525248 0 3.69824 0 0 2.79445 0.606949 0 0 0 1
3 1 0 0 17.3684 0 1 0 0.0588226 0 0 1 -2.11111 0 0 0 1
4 0.969187 0 -0.246328 -8.66976 0 1 0 1.19995 0.246328 0 0.969187 -1.21388 0 0 0 1
5 0.897691 0 -0.440627 -11.52 0 1 0 0.751999 0.440627 0 0.897691 -2.26945 0 0 0 1
5 0.958138 0 -0.286307 -5.99346 0 1 0 0.725616 0.286307 0 0.958138 -0.395844 0 0 0 1
5 0.958138 0 -0.286307 -8.87552 0 1 0 0.725601 0.286307 0 0.958138 -1.26666 0 0 0 1
5 1 0 0 -3.08976 0 1 0 0.699219 0 0 1 0 0 0 0 1
5 1 0 0 -0.0823536 0 1 0 0.699219 0 0 1 0 0 0 0 1
5 1 0 0 2.8732 0 1 0 0.699219 0 0 1 0 0 0 0 1
5 1 0 0 5.88061 0 1 0 0.699219 0 0 1 0 0 0 0 1
5 1 0 0 7.6695 0 1 0 0.699219 0 0 1 0 0 0 0 1
6 1 0 0 -7.96294 0 1 0 0.437759 0 0 1 0 0 0 0 1
7 -1.10279 0 0.125189 6.19622 0 0.762497 0 4.18504 -0.244763 0 -0.564049 -3.14027 0 0 0 1
8 1 0 0 5.87386 0 1 0 3.25217 0 0 1 -1.63611 0 0 0 1
11 1 0 0 0 0 1 0 0 0 0 1 0 0 0 0 1
11 1 0 0 5 0 1 0 0 0 0 1 0 0 0 0 1
11 1 0 0 -5 0 1 0 0 0 0 1 0 0 0 0 1
11 0.0507792 -0.998709 0 -14.2049 0.998709 0.0507792 0 -3.2383 0 0 1 -4.24863 0 0 0 1
11 -0.999536 0 -0.0304766 0 0 1 0 0 0.0304766 0 -0.999536 -3 0 0 0 1
11 -0.999536 0 -0.0304766 5 0 1 0 0 0.0304766 0 -0.999536 -3 0 0 0 1
11 0.0507792 -0.998709 0 -14.5938 0.998709 0.0507792 0 4.62558 0 0 1 -0.448608 0 0 0 1
11 0.0507792 -0.998709 0 -14.5938 0.998709 0.0507792 0 4.62558 0 0 1 -3.21945 0 0 0 1
11 0.0507792 -0.998709 0 -14.8271 0.998709 0.0507792 0 0.0867004 0 0 1 -4.27501 0 0 0 1
11 0.0507792 -0.998709 0 -14.2049 0.998709 0.0507792 0 -3.2383 0 0 1 -2.24307 0 0 0 1
11 -0.999536 0 -0.0304766 -5 0 1 0 0 0.0304766 0 -0.999536 -3 0 0 0 1
11 -0.999536 0 -0.0304766 -10 0 1 0 0 0.0304766 0 -0.999536 -3 0 0 0 1
11 -0.193606 0.946807 0.257038 17.208 0.168808 -0.225938 0.959402 -1.87395 0.966446 0.229136 -0.116086 6.30695 0 0 0 1
15 1 0 0 -6.39238 0 -0.949038 -0.315161 -5.71216 0 0.315161 -0.949038 -2.53333 0 0 0 1
17 -0.131557 -0.624454 0 3.01849 0.938977 -0.0874907 0 1.34476 0 0 0.656952 -2.48056 0 0 0 1
19 0.234336 0 -0.617761 4.09934 0 0.788895 0 0.958725 0.647807 0 0.223467 -2.58611 0 0 0 1
19 -0.678287 0 -0.114809 2.98452 0 0.788895 0 0.879562 0.120393 0 -0.646827 -2.58611 0 0 0 1
19 1 0 0 3.73637 0 1 0 1.06432 0 0 1 -3.72084 0 0 0 1
-1 : Music ID
0 : Nr of Sounds (type, id, pos.x, pos.y, pos.z, distance, loopType, minInverval, maxInterval)
2 : Nr of Lights 
5.95016 3.22969 -1.5833 0.67926 0.285001 0 4.01874 24.8074 0 : LIGHTS
5.95016 3.22969 -1.5833 0.67926 0.285001 0 1.78887 8.00741 2 : LIGHTS
OOOOOOOOOOOOOOOOOOOOOOOOOOOOOOOOOOO
OOOOOOOOOOOOOOOOOOOOOOOOOOOOOOOOOOO
OOOOOOOOOOOOOOOOOOOOOOOOOOOOOOOOOOO
OOOOOOOOOOOOOOOOOOOOOOOOOOOOOOOOOOO
OOOOOOOOOOOOOOOOOOOOOOOOOOOOOOOOOOO
OOOOOOOOOOOOOOOOOOOOOOOOOOOOOOOOOOO
OOOOOOOOOOOOOOOOOOOOOOOOOOOOOOOOOOO
OOOOOOOOOOOOOOOOOOOOOOOOOOOOOOOOOOO
OOOOOOOOOOOOOOOOOOOOOOOOOOOOOOOOOOO
OOOOOOOOOOOOOOOOOOOOOOOOOOOOOOOOOOO
OOOOOOOOOOOOOOOOOOOOOOOOOOOOOOOOOOO
OOOOOOOOOOOOOOOOOOOOOOOOOOOOOOOOOOO
OOOOOOOOOOOOOOOOOOOOOOOOOOOOOOOOOOO
OOOOOOOOOOOOOOOOOOOOOOOOOOOOOOOOOOO
OOOOOOOOOOOOOOOOOOOOOOOOOOOOOOOOOOO
OOOOOOOOOOOOOOOOOOOOOOOOOOOOOOOOOOO
OOOOOOOOOOOOOOOOOOOOOOOOOOOOOOOOOOO
OOOOOOOOOOOOOOOOOOOOOOOOOOOOOOOOOOO
OOOOOOOOOOOOOOOOOOOOOOOOOOOOOOOOOOO
OOOOOOOOOOOOOOOOOOOOOOOOOOOOOOOOOOO
OOOOOOOOOOOOOOOOOOOOOOOOOOOOOOOOOOO
OOOOOOOOOOOOOOOOOOOOOOOOOOOOOOOOOOO
OOOOOOOOOOOOOOOOOOOOOOOOOOOOOOOOOOO
OOOOOOOOOOOOOOOOOOOOOOOOOOOOOOOOOOO
OOOOOOOOOOOOOOOOOOOOOOOOOOOOOOOOOOO
OOOOOOOOOOOOOOOOOOOOOOOOOOOOOOOOOOO
OOOOOOOOOOOOOOOOOOOOOOOOOOOOOOOOOOO
OOOOOOOOOOOOOOOOOOOOOOOOOOOOOOOOOOO
OOOOOOOOOOOOOOOOOOOOOOOOOOOOOOOOOOO
OOOOOOOOOOOOOOOOOOOOOOOOOOOOOOOOOOO
OOOOOOOOOOOOOOOOOOOOOOOOOOOOOOOOOOO
OOOOOOOOOOOOOOOOOOOOOOOOOOOOOOOOOOO
OOOOOOOOOOOOOOOOOOOOOOOOOOOOOOOOOOO
OOOOOOOOOOOOOOOOOOOOOOOOOOOOOOOOOOO
OOOOOOOOOOOOOOOOOOOOOOOOOOOOOOOOOOO
