0 : ChuckTesta
0 : Enemy Count
-1 NO BACKGROUND
-1 NO SHRINE
-1 NO HEALTH PICKUP
189 :  Number of world objects
0 3.61852 0 0 -6.15449 0 3.58611 0 16.072 0 0 1.10277 -5.33057 0 0 0 1
0 4.29259 0 0 9.48324 0 4.77362 0 6.44377 0 0 1 0 0 0 0 1
0 5.14815 0 0 9.99614 0 4.40416 0 10.4333 0 0 1 0 0 0 0 1
0 3.07407 0 0 8.99249 0 4.72083 0 6.04559 0 0 1 0 0 0 0 1
0 4.03333 0 0 -1.40932 0 4.66806 0 17.2692 0 0 1 -7.3889 0 0 0 1
0 5.14815 0 0 -2.06858 0 4.45694 0 13.0081 0 0 1 -6.94028 0 0 0 1
0 4.29259 0 0 9.40546 0 4.77362 0 1.82571 0 0 1 0 0 0 0 1
0 8.88148 0 0 16.8054 0 3.55972 0 17.1691 0 0 1 0 0 0 0 1
0 12.3296 0 0 13.6327 0 6.22501 0 -8.02664 0 0 1 0 0 0 0 1
3 1.77777 0 0 6.70752 0 1.58056 0 16.7421 0 0 1.73888 -4.56528 0 0 0 1
3 1.93333 0 0 6.13715 0 2.26668 0 12.156 0 0 1.95 -4.93472 0 0 0 1
3 1.72593 0 0 11.0519 0 1.7125 0 14.7297 0 0 1.73888 -2.26945 0 0 0 1
7 1 0 0 -0.825714 0 1 0 10.7755 0 0 1 1.18748 0 0 0 1
7 1 0 0 -9.15899 0 1 0 10.7755 0 0 1 1.18748 0 0 0 1
7 1 0 0 -9.12999 0 1 0 4.84009 0 0 1 1.05556 0 0 0 1
7 1 0 0 -0.79673 0 1 0 4.84009 0 0 1 1.05556 0 0 0 1
11 1 0 0 9 0 1 0 13 0 0 1 0 0 0 0 1
11 1 0 0 9.33704 0 0.863928 -0.503614 13.6597 0 0.503614 0.863928 -2.18195 0 0 0 1
11 1.23307 0.0203307 0.00409106 9.86396 0.00215723 1.42864 -0.99349 14.8594 -0.0254861 1.10457 0.113841 -4.5125 0 0 0 1
11 -0.0336407 -0.999434 0 12 0.999434 -0.0336407 0 15 0 0 1 0 0 0 0 1
18 -0.0459639 2.19918e-010 -1.42174 4.85453 0 0.445831 0 10.4628 1.75125 -8.37902e-009 -0.0373155 -1.95278 0 0 0 1
18 -0.0459639 2.19918e-010 -1.42174 4.8286 0 0.445831 0 9.80299 1.75125 -8.37902e-009 -0.0373155 -1.60973 0 0 0 1
18 -0.0459639 2.19918e-010 -1.42174 4.89062 0 0.445831 0 11.0892 1.75125 -8.37902e-009 -0.0373155 -2.48055 0 0 0 1
18 -0.0459639 2.19918e-010 -1.42174 4.81284 0 0.445831 0 9.1669 1.75125 -8.37902e-009 -0.0373155 -1.10833 0 0 0 1
18 -0.0459639 2.19918e-010 -1.42174 4.81284 0 0.445831 0 8.50021 1.75125 -8.37902e-009 -0.0373155 -0.633331 0 0 0 1
18 -0.0459639 2.19918e-010 -1.42174 4.78691 0 0.445831 0 7.91966 1.75125 -8.37902e-009 -0.0373155 -0.184723 0 0 0 1
18 -0.0459639 2.19918e-010 -1.42174 4.73507 0 0.445831 0 7.25298 1.75125 -8.37902e-009 -0.0373155 0.263885 0 0 0 1
18 -0.0459639 2.19918e-010 -1.42174 4.70914 0 0.445831 0 6.56688 1.75125 -8.37902e-009 -0.0373155 0.923599 0 0 0 1
18 -0.0459639 2.19918e-010 -1.42174 4.70914 0 0.445831 0 6.01271 1.75125 -8.37902e-009 -0.0373155 1.47777 0 0 0 1
19 2.21627 -0.0763404 0.0323595 -5.61057 0.0656068 2.55476 0.0259312 -12.8194 -0.05249 -0.043971 1.55331 -2.19028 0 0 0 1
19 1.7 0 0 -2.37725 0 1.79166 0 -13.4388 0 0 1.42223 -1.71527 0 0 0 1
19 0.911366 0.96552 0 -5.44185 -0.942559 0.933567 0 -11.3697 0 0 1.39583 0 0 0 0 1
26 0.222221 0 0 1.73817 0 0.287491 0 7.18265 0 0 0.313889 -2.50693 0 0 0 1
26 0.196293 0 0 1.89373 0 0.234711 0 7.12987 0 0 0.313889 -2.50693 0 0 0 1
26 0.14444 0 0 1.81596 0 0.179163 0 7.02432 0 0 0.313889 -2.13748 0 0 0 1
36 1.72593 0 0 -8.03861 0 3.53333 0 7.83279 0 0 1.87083 -3.19307 0 0 0 1
36 1.72593 0 0 -2.07565 0 3.53333 0 7.75362 0 0 1.87083 -3.19307 0 0 0 1
39 0.307405 0 0 0.228645 0 0.445847 0 -14.6983 0 0 0.311121 -7.70557 0 0 0 1
39 0.1 0 -0.229508 -0.626907 0 0.419449 0 -14.6983 0.226767 0 0.1 -7.23056 0 0 0 1
39 0.1 0 -0.229508 1.03236 0 0.419449 0 -14.6983 0.226767 0 0.1 -7.89029 0 0 0 1
39 0.749397 0 0.363457 0.103519 2.32831e-009 0.126382 9.31323e-009 -13.911 -0.291187 2.32831e-010 0.938964 -7.78471 0 0 0 1
39 0.1 0 0 0.190994 0 0.575006 0 -14.1165 0 0 0.1 -7.28331 0 0 0 1
39 0.318005 0 -0.323417 0.165077 0 0.472229 0 -14.6971 0.248699 0 0.413546 -7.41528 0 0 0 1
39 -0.125312 0 -0.495402 0.502113 0 0.525009 0 -14.7498 0.405507 0 -0.173769 -7.28334 0 0 0 1
39 0.248486 0 -0.121302 0.815475 0 0.498596 0 -14.7391 0.115635 0 0.260664 -8.76114 0 0 0 1
39 0.179649 0 0.339213 -0.508381 0 0.1 0 -12.8403 -0.0791119 0 0.770293 -7.52084 0 0 0 1
39 0.083546 0.170777 -0.12234 -0.245407 0.00295127 0.757339 0.0434374 -14.3639 0.117793 -0.1401 0.0856821 -7.0986 0 0 0 1
45 -1.17109 0 -0.520614 4.14396 0 1.31667 0 6.12885 0.529386 0 -1.15168 -3.06111 0 0 0 1
45 1.43719 0 0.743349 -0.0117798 0 1.60695 0 -14.0137 -0.632893 0 1.68801 -7.78473 0 0 0 1
45 -0.00721178 0 -1.26387 -7.13079 0 1.31667 0 0.069519 1.31109 0 -0.00695213 -0.923599 0 0 0 1
45 -0.00721178 0 -1.26387 -5.96413 0 1.31667 0 0.069519 1.31109 0 -0.00695213 -0.923599 0 0 0 1
45 -0.00721178 0 -1.26387 -3.79748 0 1.31667 0 0.069519 1.31109 0 -0.00695213 -0.923599 0 0 0 1
46 1.41481 0 0 2.32229 0 1.31667 0 6.09834 0 0 1.26389 -2.375 0 0 0 1
46 1.41482 0 0 -3.12942 0 1.15834 0 -11.2798 0 0 1.95 -0.633331 0 0 0 1
47 0.0265915 -0.673469 -0.738737 -5.68241 0.0242265 0.739215 -0.673033 -13.0444 0.999353 0 0.0359727 0 0 0 0 1
47 0.000485557 -0.999963 0.00855092 -2.65279 0.0566906 0.00856481 0.998354 -13.8569 -0.998391 0 0.0566928 0 0 0 0 1
47 -0.00655809 0.995569 0.0938042 -3.07594 0.99974 0.00857521 -0.0211166 -12.3207 -0.0218274 0.0936413 -0.995367 0 0 0 0 1
47 1 0 0 -14.6646 0 1 0 1.02817 0 0 0.788895 -0.976395 0 0 0 1
48 -0.0262388 0 -0.999655 -15.163 0 1 0 6.97362 0.999655 0 -0.0262388 -3.29861 0 0 0 1
48 -0.0262388 0 -0.999655 -9.15928 0 1 0 7.0264 0.999655 0 -0.0262388 -3.29861 0 0 0 1
48 -0.0262388 0 -0.999655 -9.15928 0 1 0 7.0264 0.999655 0 -0.0262388 -1.29304 0 0 0 1
48 0.0152386 0 0.999884 -13.9596 0 1 0 6.93327 -0.999884 0 0.0152386 -3.325 0 0 0 1
48 0.0152386 0 0.999884 -0.83746 0 1 0 6.95966 -0.999884 0 0.0152386 -3.35141 0 0 0 1
48 0.0152386 0 0.999884 -0.896297 0 1 0 7 -0.999884 0 0.0152386 -1.2875 0 0 0 1
48 1 0 0 -5.08499 0 1 0 7.31886 0 0 1 -17.5431 0 0 0 1
48 1 0 0 -3.03684 0 1 0 7.31886 0 0 1 -17.5431 0 0 0 1
48 1 0 0 -7.10722 0 1 0 7.31886 0 0 1 -17.5431 0 0 0 1
48 1 0 0 -9.12944 0 1 0 7.31886 0 0 1 -17.5431 0 0 0 1
48 1 0 0 -1.04055 0 1 0 7.31886 0 0 1 -17.5431 0 0 0 1
48 1 0 0 1.03784 0 1 0 7.36099 0 0 1 -17.5431 0 0 0 1
48 1 0 0 2.1102 0 1 0 6.88562 0 0 1 -9.4736 0 0 0 1
48 1 0 0 0.0879784 0 1 0 6.93839 0 0 1 -9.4736 0 0 0 1
48 1 0 0 -1.93425 0 1 0 6.912 0 0 1 -9.4736 0 0 0 1
48 1 0 0 -12.0454 0 1 0 6.99118 0 0 1 -9.4736 0 0 0 1
48 1 0 0 -10.1009 0 1 0 6.99118 0 0 1 -9.4736 0 0 0 1
48 1 0 0 -8.05277 0 1 0 6.99118 0 0 1 -9.4736 0 0 0 1
48 1 0 0 -0.749027 0 1 0 6.95078 0 0 1 -13.2736 0 0 0 1
48 1 0 0 1.32505 0 1 0 6.95078 0 0 1 -13.2736 0 0 0 1
48 1 0 0 -7.17866 0 1 0 6.97716 0 0 1 -13.2736 0 0 0 1
48 1 0 0 -9.1231 0 1 0 6.97716 0 0 1 -13.2736 0 0 0 1
48 1 0 0 -11.1713 0 1 0 6.95078 0 0 1 -13.2736 0 0 0 1
48 1 0 0 -13.2194 0 1 0 6.97717 0 0 1 -13.2736 0 0 0 1
48 1 0 0 -2.77125 0 1 0 6.95078 0 0 1 -13.2736 0 0 0 1
48 1 0 0 3.29542 0 1 0 6.97717 0 0 1 -13.2736 0 0 0 1
48 0.999139 0 0.041469 -17.2757 0 1 0 1.0184 -0.041469 0 0.999139 -1.08194 0 0 0 1
51 0.0296786 0.0928376 0.995234 -6.09431 -0.999559 0.00275651 0.0295502 0.280945 0 -0.995674 0.0928786 -0.712494 0 0 0 1
52 1 0 0 -14.848 0 1 0 1.30873 0 0 1 -0.870834 0 0 0 1
53 -0.0469629 0 -0.998897 7 0 1 0 8 0.998897 0 -0.0469629 0 0 0 0 1
53 -0.0469629 0 -0.998897 7.07778 0 1 0 10.4487 0.998897 0 -0.0469629 0 0 0 0 1
53 -0.0469629 0 -0.998897 7.33704 0 1 0 10.4487 0.998897 0 -0.0469629 -3.56251 0 0 0 1
53 1 0 0 7 0 1 0 2 0 0 1 -2 0 0 0 1
53 -0.0055006 0 -0.999985 7 0 1 0 2 0.999985 0 -0.0055006 0 0 0 0 1
53 -0.00335327 0.00218471 -0.998442 12.1556 0.0209657 0.999777 0.00211044 7.92084 0.998225 -0.020991 -0.00339834 0 0 0 0 1
53 1 0 0 -1 0 1 0 -4 0 0 1 -2 0 0 0 1
53 1 0 0 -6 0 1 0 -4 0 0 1 -2 0 0 0 1
53 1 0 0 2 0 1 0 2 0 0 1 -2.21112 0 0 0 1
53 -0.00335327 0.00218471 -0.998442 12 0.0209657 0.999777 0.00211044 2 0.998225 -0.020991 -0.00339834 0 0 0 0 1
53 1 0 0 4 0 1 0 -4 0 0 1 -2 0 0 0 1
53 0.925128 0.168083 0.34042 10.1333 -0.157742 0.985773 -0.0580445 -4.31667 -0.345333 0 0.93848 -4.19028 0 0 0 1
53 -0.0469627 0 -0.998897 7.8963 0 1 0 -7.41943 0.998897 0 -0.0469627 -0.818054 0 0 0 1
53 0.035977 0 0.999353 7.79951 0 1 0 -12.1256 -0.999353 0 0.035977 -0.815277 0 0 0 1
53 0.0356688 0 -1.01169 -7.71482 0 1.36945 0 -10.7361 1.01169 0 0.0356688 -0.791672 0 0 0 1
53 0.0356688 0 -1.01169 -7.8963 0 1.36945 0 -10.7097 1.01169 0 0.0356688 -5.51527 0 0 0 1
53 0.0356688 0 -1.01169 7.84074 0 1.36945 0 -10.8944 1.01169 0 0.0356688 -5.51527 0 0 0 1
54 1 0 0 -10 0 1 0 8 0 0 1 -5 0 0 0 1
54 1 0 0 -15 0 1 0 8 0 0 1 -5 0 0 0 1
54 1 0 0 -16 0 1 0 -4 0 0 1 -2 0 0 0 1
54 1 0 0 0 0 1 0 8 0 0 1 -5 0 0 0 1
54 1 0 0 5 0 1 0 14 0 0 1 -5 0 0 0 1
54 1 0 0 0 0 1 0 14 0 0 1 -5 0 0 0 1
54 1 0 0 -11 0 1 0 14 0 0 1 -5 0 0 0 1
54 1 0 0 -16 0 1 0 14 0 0 1 -5 0 0 0 1
54 1 0 0 -17 0 1 0 2 0 0 1 -2 0 0 0 1
54 1 0 0 -12 0 1 0 2 0 0 1 -2 0 0 0 1
54 1 0 0 -7 0 1 0 2 0 0 1 -2 0 0 0 1
54 1 0 0 5 0 1 0 8 0 0 1 -5 0 0 0 1
55 0.077387 0 0.997001 7.34867 0 1 0 8.25644 -0.997001 0 0.077387 -4.82918 0 0 0 1
55 -0.999953 -3.72209e-009 -0.00974131 -11 1.86265e-009 1 0 -4 0.00974131 1.5449e-010 -0.999953 -2 0 0 0 1
55 -0.999953 0 -0.00974138 -2 0 1 0 2 0.00974138 0 -0.999953 -2.07918 0 0 0 1
56 1 0 0 -15 0 1 0 11 0 0 1 0 0 0 0 1
56 1 0 0 -5 0 1 0 5 0 0 1 0 0 0 0 1
56 1 0 0 -8 0 1 0 16 0 0 1 0 0 0 0 1
56 1 0 0 -3 0 1 0 16 0 0 1 0 0 0 0 1
56 1 0 0 2 0 1 0 16 0 0 1 0 0 0 0 1
56 1 0 0 -15 0 1 0 11 0 0 1 -3 0 0 0 1
56 1 0 0 5 0 1 0 5 0 0 1 0 0 0 0 1
56 1 0 0 -12 0 1 0 5 0 0 1 0 0 0 0 1
56 1 0 0 -10 0 1 0 11 0 0 1 -3 0 0 0 1
56 1 0 0 4 0 1 0 11 0 0 1 -4.50417 0 0 0 1
56 1 0 0 -10 0 1 0 5 0 0 1 0 0 0 0 1
56 1 0 0 -10 0 1 0 5 0 0 1 -3 0 0 0 1
56 1 0 0 -15 0 1 0 5 0 0 1 -3 0 0 0 1
56 1 0 0 0 0 1 0 5 0 0 1 -3 0 0 0 1
56 1 0 0 5 0 1 0 5 0 0 1 -3 0 0 0 1
56 1 0 0 -5 0 1 0 5 0 0 1 -3 0 0 0 1
56 1 0 0 -5 0 1 0 5 0 0 1 -2.66248 0 0 0 1
56 1 0 0 -10 0 1 0 11 0 0 1 0 0 0 0 1
56 1 0 0 0 0 1 0 11 0 0 1 0 0 0 0 1
56 1 0 0 0 0 1 0 11 0 0 1 -3 0 0 0 1
56 1 0 0 0 0 1 0 5 0 0 1 0 0 0 0 1
56 1 0 0 -13 0 1 0 16 0 0 1 0 0 0 0 1
56 1 0 0 -13 0 1 0 16 0 0 1 -3 0 0 0 1
56 1 0 0 -8 0 1 0 16 0 0 1 -3 0 0 0 1
56 1 0 0 -3 0 1 0 16 0 0 1 -3 0 0 0 1
56 1 0 0 2 0 1 0 16 0 0 1 -3 0 0 0 1
56 1 0 0 -17 0 1 0 -1 0 0 1 0 0 0 0 1
56 1 0 0 -12 0 1 0 -1 0 0 1 0 0 0 0 1
56 1 0 0 -7 0 1 0 -1 0 0 1 0 0 0 0 1
56 1 0 0 -2 0 1 0 -1 0 0 1 0 0 0 0 1
56 1 0 0 5 0 1 0 -7 0 0 1 0 0 0 0 1
56 1 0 0 10 0 1 0 -5 0 0 1 0 0 0 0 1
56 1 0 0 10 0 1 0 -1 0 0 1 0 0 0 0 1
56 1 0 0 3 0 1 0 -15 0 0 1 -12 0 0 0 1
56 1 0 0 -10 0 1 0 -7 0 0 1 0 0 0 0 1
56 1 0 0 -15 0 1 0 -7 0 0 1 0 0 0 0 1
56 1 0 0 -5 0 1 0 5 0 0 1 -6 0 0 0 1
56 1 0 0 -5 0 1 0 5 0 0 1 -9 0 0 0 1
56 1 0 0 -5 0 1 0 5 0 0 1 -12 0 0 0 1
56 1 0 0 -5 0 1 0 5 0 0 1 -15 0 0 0 1
56 1 0 0 -10 0 1 0 5 0 0 1 -15 0 0 0 1
56 1 0 0 0 0 1 0 5 0 0 1 -15 0 0 0 1
56 1 0 0 0 0 1 0 5 0 0 1 -12 0 0 0 1
56 1 0 0 0 0 1 0 5 0 0 1 -9 0 0 0 1
56 1 0 0 0 0 1 0 5 0 0 1 -6 0 0 0 1
56 1 0 0 -10 0 1 0 5 0 0 1 -6 0 0 0 1
56 1 0 0 -10 0 1 0 5 0 0 1 -9 0 0 0 1
56 1 0 0 -10 0 1 0 5 0 0 1 -12 0 0 0 1
56 1 0 0 14 0 1 0 -5 0 0 1 0 0 0 0 1
56 1 0 0 -5 0 1 0 -15 0 0 1 0 0 0 0 1
56 1 0 0 0 0 1 0 -15 0 0 1 0 0 0 0 1
56 1 0 0 5 0 1 0 -15 0 0 1 0 0 0 0 1
56 1 0 0 -5 0 1 0 -15 0 0 1 -3 0 0 0 1
56 1 0 0 5 0 1 0 -15 0 0 1 -3 0 0 0 1
56 1 0 0 0 0 1 0 -15 0 0 1 -3 0 0 0 1
56 1 0 0 -5 0 1 0 -15 0 0 1 -6 0 0 0 1
56 1 0 0 0 0 1 0 -15 0 0 1 -6 0 0 0 1
56 1 0 0 5 0 1 0 -15 0 0 1 -6 0 0 0 1
56 1 0 0 -5 0 1 0 -15 0 0 1 -9 0 0 0 1
56 1 0 0 0 0 1 0 -15 0 0 1 -9 0 0 0 1
56 1 0 0 5 0 1 0 -15 0 0 1 -9 0 0 0 1
56 1 0 0 -2 0 1 0 -15 0 0 1 -12 0 0 0 1
56 1 0 0 -6 0 1 0 -7 0 0 1 0 0 0 0 1
57 1 0 0 3.83805 0 1 0 16.0108 0 0 1 1.26667 0 0 0 1
57 1 0 0 6 0 1 0 -1 0 0 1 1.44583 0 0 0 1
57 1 0 0 -0.18148 0 1 0 -1.05278 0 0 1 1.26389 0 0 0 1
57 0.473632 0.879994 -0.0358277 7.82843 -0.880012 0.474492 0.0208852 13.6506 0.0353788 0.0216369 0.99914 0.976379 0 0 0 1
57 1 0 0 2.06331 0 1 0 -7.00513 0 0 1 1.29306 0 0 0 1
57 1 0 0 -4.04775 0 1 0 -6.99417 0 0 1 1.31943 0 0 0 1
58 1.20741 0 0 16.9342 0 7.5972 0 -15.4089 0 0 1 0 0 0 0 1
7 : Music ID
0 : Nr of Sounds (type, id, pos.x, pos.y, pos.z, distance, loopType, minInverval, maxInterval)
4 : Nr of Lights 
1.79312 7.48262 -2.42778 0.875556 0.274444 0 4.08195 7.25556 1 : LIGHTS
-5.25245 13.6583 17.1 0.434815 0.208337 1 1.0868 132.141 0 : LIGHTS
-4.8635 16.2829 -9.52639 0.70963 0.482777 1 4.04237 42.3074 0 : LIGHTS
0.110657 -10.0131 -7.30972 1 1 1 7.76319 16.0963 0 : LIGHTS
OOOOOOOOOOOOOOOOOOOOOXOOOOOOXOOOOOO
XXXXXXXXXXXXXXXXXXXXXXXOOOOOXOOOOOO
OOOOOOOOOOOOOOOOOOOOOOOOOOOOXXXXXXX
OOOOOOOOOOOOOOOOOOOOOOOOOXOOXXOOOOO
OOOOOOOOOOOOOOOOOOOOOOOOXXXXXXOOOOO
OOOOOOOOOOOOOOOOOOOOOOOOXOOOOXOOOOO
XXXXXXXXXXOOOOOXXXXXOOOOXOOOOXOOOOO
OOOOOOOOOOOOOOOOOOOOOOOOXOOOOXOOOOO
OOOOOOOOOOOOOOOOOOOOOOOOXOOOOXOOOOO
OOOOOOOOOOOOOOOOOOOOXXXXXOOOOXOOOOO
OOOOOOOOOOOOOOOOOOOOXOOOOOOOOXOOOOO
OOOOOOOOOOOOOOOOOOOOXOOOOOOOOXOOOOO
OOOXXXXXXXXXXXXXXXXXXXXXXOOOOXOOOOO
OOOOOOOOOOOOOOOOOOOOOOOOXOOOOXOOOOO
OOOOOOOOOOOOOOOOOOOOOOOOXOOOOXOOOOO
OOOOOOOOOOOOOOOOOOOOOOOOXOOOOXOOOOO
OOOOOOOOOOOOOOOOOOOOOOOOXOOOOXOOOOO
OOOOOOOOOOOOOOOOOOOOOOOOXOOOOXOOOOO
XXXXXXXXXXXXXXXXXXXOOOOXXXXXXXOOOOO
OOOOOOOOOOOOOOOOOOOOOOOOOOOOOOOOOOO
OOOOOOOOOOOOOOOOOOOOOOOOOOOOOOOOOOO
OOOOOOOOOOOOOOOOOOOOOOOOOOOOOOOOOOO
OOOOOOOOOOOOOOOOOOOOOOOOOXXXXXXXXXX
OOOOOOOOOOOOOOOOOOOOOOOOOXOOOOOOOOO
XXXXXXXXXXXXXXXOOOOXXXXXXXOOOOOOOOO
OOOOOOOOOXOOOOOOOOOOOOOOOXOOOOOOOOO
OOOOOOOOOXOOOOOOOOOOOOOOOXOOOOOOOOO
OOOOOOOOOXOOOOOOOOOOOOOOOXOOOOOOOOO
OOOOOOOOOXXXXXXXOOOOOOOOOXOOOOOOOOX
OOOOOOOOOXOOOOOXOOOOOOOOOXOOOOOOOOX
XOOOOOOOOXOOOOOXOOOOOOOOOXOOOOOOOOX
XOOOOOOOOXOOOOOXOOOOOOOOOXOOOOOOOOX
XXXXXXXXXXXXXXXXXXXXXXXXXXOOOOOOOOX
XOOOOOOOOOOOOOOOOOOOOOOOOOOOOOOOOOX
XOOOOOOOOOOOOOOOOOOOOOOOOOOOOOOOOOX
