0 : ChuckTesta
0 : Enemy Count
2 0 0 -3 :  BACKGROUND!
-1 NO SHRINE
-1 NO HEALTH PICKUP
58 :  Number of world objects
1 -1.13708 1.58454 -3.19697 1.293 1.77772 5.68777 0.769767 0.979446 6.12516 -0.98133 -1.76454 5.35693 0 0 0 1 
1 4.60869 0 -3.18341 -2.64772 1.77772 5.68777 0.769767 -4.21921 4.19171 -1.86381 1.78889 6.59723 0 0 0 1 
1 -1.13708 1.58454 -3.19697 -1.22181 1.77772 5.68777 0.769767 -5.40671 6.12516 -0.98133 -1.76454 4.14307 0 0 0 1 
1 -1.13708 1.58454 -3.19697 4.11892 1.77772 5.68777 0.769767 -11.4234 6.12516 -0.98133 -1.76454 2.32222 0 0 0 1 
2 1 0 0 -16.9413 0 1 0 1.81018 0 0 1 -2.85002 0 0 0 1 
2 1 0 0 -15.5154 0 1 0 2.2588 0 0 1 3.29858 0 0 0 1 
2 1.77778 0 0 -15.0487 0 1.39584 0 2.81296 0 0 1.52777 2.3222 0 0 0 1 
2 -0.998934 0.0461594 0 -13.7347 -0.0461594 -0.998934 0 -1.42177 0 0 1 -0.95871 0 0 0 1 
2 -0.998934 0.0461594 0 -14.0976 -0.0461594 -0.998934 0 -1.73843 0 0 1 -3.01704 0 0 0 1 
2 1.67407 0 0 -16.2737 0 0.920837 0 2.09981 0 0 1 0.31665 0 0 0 1 
3 1.20741 0 0 -16.0528 0 2.66249 0 -3.13649 0 0 2.79445 0.949997 0 0 0 1 
3 -0.00604027 0.21862 -3.44719 -16.8035 -1.09433 1.10603 0.0872767 3.19685 0.371112 3.265 0.201253 -3.32501 0 0 0 1 
3 2.76296 0 0 -17.3665 0 6.70001 0 0.965073 0 0 3.66527 -3.93196 0 0 0 1 
3 1.7 0 0 -17.2617 0 1.97638 0 0.651413 0 0 1.52779 -1.50417 0 0 0 1 
3 1.14514 0 -1.20796 -16.9786 0 2.10834 0 2.41048 0.785922 0 1.76007 -1.74168 0 0 0 1 
3 2.7327 0 -0.00864652 -16.5897 0 1.95001 0 -0.109039 0.172323 0 5.30362 0.501373 0 0 0 1 
3 1.31111 0 0 -16.8177 0 1.21112 0 -1.12491 0 0 3.19028 1.29305 0 0 0 1 
3 2.60741 0 0 -17.1726 0 2.50417 0 0.745911 0 0 3.48056 2.08472 0 0 0 1 
3 0.469792 0 -3.4236 -17.1466 0 2.50417 0 -1.52353 2.56473 0 0.627113 -1.71529 0 0 0 1 
3 3.41111 0 0 0.914734 0 2.05556 0 0.0626068 0 0 3.08472 6.01666 0 0 0 1 
11 0.0579484 0 -0.99832 -16.729 -0.409106 0.912177 -0.0237469 2.79688 0.910645 0.409795 0.0528592 3.69446 0 0 0 1 
11 -0.18789 -0.974886 -0.119542 -17.455 0.0176171 0.118345 -0.992816 0.395493 0.982031 -0.188646 -0.00506129 5.72641 0 0 0 1 
11 0.100698 -0.994879 -0.00850461 -17.1957 0.361427 0.0445438 -0.931336 -2.61284 0.926946 0.0907101 0.364062 2.48056 0 0 0 1 
11 -0.193606 0.946807 0.257038 -16.9624 0.168808 -0.225938 0.959402 -4.51283 0.966446 0.229136 -0.116086 2.55972 0 0 0 1 
11 1 0 0 -14.2215 0 1 0 4.01689 0 0 1 -2.74445 0 0 0 1 
11 1 0 0 -14.1178 0 1 0 3.67381 0 0 1 0.145554 0 0 0 1 
11 1 0 0 -13.1585 0 1 0 3.48909 0 0 1 2.9164 0 0 0 1 
11 1 0 0 -13.6117 0 1 0 3.53941 0 0 1 5.58168 0 0 0 1 
11 0.334185 0.56968 -0.750856 -11.6825 -0.836498 0.546341 0.0422116 2.25458 0.434271 0.613983 0.659115 6.92752 0 0 0 1 
11 0.119759 0.257445 -0.958843 -13.4714 -0.836498 0.546341 0.0422116 2.65041 0.534723 0.797015 0.280782 7.66641 0 0 0 1 
11 0.546829 0.837244 0 -10.8636 -0.837244 0.546829 0 1.77136 0 0 1 5.50252 0 0 0 1 
11 0.176531 0.984294 0 -9.33874 -0.984294 0.176531 0 -2.51289 0 0 1 5.52892 0 0 0 1 
11 0.0786139 0.68581 -0.723521 -10.7906 -0.993493 0.113883 0 -2.46011 0.082397 0.718813 0.690302 8.37892 0 0 0 1 
11 0.0786139 0.68581 -0.723521 -10.6869 -0.993493 0.113883 0 -7.13094 0.082397 0.718813 0.690302 8.72197 0 0 0 1 
11 0.106039 0.925058 -0.364722 -8.82022 -0.993493 0.113883 0 -6.73511 0.0415357 0.362348 0.931116 6.34697 0 0 0 1 
11 0.189767 -0.988775 0.0885145 -16.6377 0 -0.0547257 -1.63088 6.57698 1.34969 0.139023 -0.0124452 -1.97916 0 0 0 1 
12 -0.589234 1.04075 -2.66967e-009 -15.815 -1.08347 -0.566003 -4.90895e-009 -2.45901 -5.96046e-008 0 1 -1.24028 0 0 0 1 
14 -0.0336407 -0.999434 0 -17.0818 0.546519 -0.0183957 0.837244 -6.37927 -0.83677 0.0281655 0.546829 -3.19305 0 0 0 1 
14 -0.0336407 -0.999434 0 -15.6818 0.546519 -0.0183957 0.837244 1.06239 -0.83677 0.0281655 0.546829 -8.68193 0 0 0 1 
14 1 0 0 -1.67902 0 1 0 -9.75299 0 0 1 6.94026 0 0 0 1 
14 -0.0295582 -0.99955 -0.00503355 3.06949 0.878148 -0.0235621 -0.477806 -15.793 0.477473 -0.0185433 0.87845 3.61528 0 0 0 1 
14 0.378871 0.887597 0.130619 4.07355 0 -0.283068 0.478217 -1.51569 0.92545 -0.363374 -0.0534742 8.89307 0 0 0 1 
14 0.378871 0.887597 0.130619 -3.49683 -0.910915 0.307697 0.137055 -2.72957 0.163371 -0.342769 0.461267 11.1097 0 0 0 1 
14 0.378871 0.887597 0.130619 5.70687 -0.910915 0.307697 0.137055 -7.50597 0.163371 -0.342769 0.461267 6.65001 0 0 0 1 
16 2.1921 -0.0356053 0 5.23984 0.0463 1.68575 0 -2.40776 0 0 3.63889 -6.96664 0 0 0 1 
16 2.1921 -0.0356053 0 -5.67498 0.0463 1.68575 0 4.05753 0 0 3.63889 -6.04305 0 0 0 1 
16 2.1921 -0.0356053 0 3.99539 0.0463 1.68575 0 6.30058 0 0 3.63889 -6.43887 0 0 0 1 
16 2.1921 -0.0356053 0 -8.37128 0.0463 1.68575 0 -2.93555 0 0 3.63889 -6.51804 0 0 0 1 
16 2.19259 0 0 -1.3972 0 1.68613 0 2.34227 0 0 3.63889 -5.64722 0 0 0 1 
16 2.19259 0 0 3.42502 0 1.68613 0 0.970047 0 0 3.63889 -6.91388 0 0 0 1 
16 2.19259 0 0 -1.76016 0 1.68613 0 6.56448 0 0 3.63889 -7.07222 0 0 0 1 
23 0.0245873 -0.894406 0 17.4108 2.86656 0.00767157 0 -5.82222 0 0 4.5625 0 0 0 0 1 
23 0.1 0 0 17.325 0 1.60693 0 1.74728 0 0 2.63611 -4.51251 0 0 0 1 
23 0.1 0 0 17.325 0 1.60693 0 1.74728 0 0 2.63611 4.64444 0 0 0 1 
24 0.1 0 0 17.2457 0 3.32222 0 6.97363 0 0 6.7 0 0 0 0 1 
24 0.28148 0 0.0414676 17.4674 0.00103931 0.25008 -0.0250631 1.68987 -0.0040144 0.0647444 0.0968082 -0.422211 0 0 0 1 
24 -0.280919 -0.00522537 -0.0461017 17.3119 0.000376418 0.243715 -0.0332984 1.71628 0.018245 -0.0854835 -0.0921163 0.633316 0 0 0 1 
37 -0.00778669 0 0.31078 17.4771 0 0.261108 0 1.7072 -0.170194 0 -0.0142189 0.0791626 0 0 0 1 
-1 : Music ID
0 : Nr of Sounds (type, id, pos.x, pos.y, pos.z, distance, loopType, minInverval, maxInterval)
17 : Nr of Lights 
-1.26017 -1.08214 0 0.128889 1 1 1.93123 49.3592 0 : LIGHTS
-3.58172 3.38011 -0.950012 0.928148 0.16889 0 3.52778 3.21111 2 : LIGHTS
-0.522461 4.59401 1.58331 0.928148 0.16889 0 3.52778 3.21111 2 : LIGHTS
-6.79654 5.35928 -0.686142 0.928148 0.16889 0 3.52778 3.21111 2 : LIGHTS
-6.5632 -0.129608 1.84718 0.928148 0.16889 0 3.52778 3.21111 2 : LIGHTS
-1.0669 -1.02684 -2.24309 0.928148 0.16889 0 3.52778 3.21111 2 : LIGHTS
2.95162 3.45927 -2.6917 0.928148 0.16889 0 3.52778 3.21111 2 : LIGHTS
2.77013 1.34818 2.7708 0.928148 0.16889 0 3.52778 3.21111 2 : LIGHTS
-5.42244 3.17311 0.606918 0.928148 0.16889 0 3.52778 3.21111 2 : LIGHTS
1.29237 0.21756 0.606918 0.928148 0.16889 0 3.52778 3.21111 2 : LIGHTS
-4.15207 0.0328522 -1.84726 0.928148 0.16889 0 3.52778 3.21111 2 : LIGHTS
-4.25577 1.03563 -2.66531 0.928148 0.16889 0 3.52778 3.21111 2 : LIGHTS
-0.807617 1.35229 -2.66531 0.928148 0.16889 0 3.52778 3.21111 2 : LIGHTS
-3.27057 -2.6852 -3.85281 0.928148 0.16889 0 3.52778 3.21111 2 : LIGHTS
0.5924 4.12314 -2.87643 0.928148 0.16889 0 3.52778 3.21111 2 : LIGHTS
4.45536 2.61897 0.501343 0.928148 0.16889 0 3.52778 3.21111 2 : LIGHTS
-11.7484 1.72174 -1.24031 0.928148 0.16889 0 3.52778 3.21111 2 : LIGHTS
OOOOOOOOOOOOOOOOOOOOOOOOOOOOOOOOOOO
OOOOOOOOOOOOOOOOOOOOOOOOOOOOOOOOOOO
OOOOOOOOOOOOOOOOOOOOOOOOOOOOOOOOOOO
OOOOOOOOOOOOOOOOOOOOOOOOOOOOOOOOOOO
OOOOOOOOOOOOOOOOOOOOOOOOOOOOOOOOOOO
OOOOOOOOOOOOOOOOOOOOOOOOOOOOOOOOOOO
OOOOOOOOOOOOOOOOOOOOOOOOOOOOOOOOOOO
OOOOOOOOOOOOOOOOOOOOOOOOOOOOOOOOOOO
OOOOOOOOOOOOOOOOOOOOOOOOOOOOOOOOOOO
OOOOOOOOOOOOOOOOOOOOOOOOOOOOOOOOOOO
OOOOOOOOOOOOOOOOOOOOOOOOOOOOOOOOOOO
OOOOOOOOOOOOOOOOOOOOOOOOOOOOOOOOOOO
OOOOOOOOOOOOOOOOOOOOOOOOOOOOOOOOOOO
OOOOOOOOOOOOOOOOOOOOOOOOOOOOOOOOOOO
OOOOOOOOOOOOOOOOOOOOOOOOOOOOOOOOOOO
OOOOOOOOOOOOOOOOOOOOOOOOOOOOOOOOOOO
OOOOOOOOOOOOOOOOOOOOOOOOOOOOOOOOOOO
OOOOOOOOOOOOOOOOOOOOOOOOOOOOOOOOOOO
OOOOOOOOOOOOOOOOOOOOOOOOOOOOOOOOOOO
OOOOOOOOOOOOOOOOOOOOOOOOOOOOOOOOOOO
OOOOOOOOOOOOOOOOOOOOOOOOOOOOOOOOOOO
OOOOOOOOOOOOOOOOOOOOOOOOOOOOOOOOOOO
OOOOOOOOOOOOOOOOOOOOOOOOOOOOOOOOOOO
OOOOOOOOOOOOOOOOOOOOOOOOOOOOOOOOOOO
OOOOOOOOOOOOOOOOOOOOOOOOOOOOOOOOOOO
OOOOOOOOOOOOOOOOOOOOOOOOOOOOOOOOOOO
OOOOOOOOOOOOOOOOOOOOOOOOOOOOOOOOOOO
OOOOOOOOOOOOOOOOOOOOOOOOOOOOOOOOOOO
OOOOOOOOOOOOOOOOOOOOOOOOOOOOOOOOOOO
OOOOOOOOOOOOOOOOOOOOOOOOOOOOOOOOOOO
OOOOOOOOOOOOOOOOOOOOOOOOOOOOOOOOOOO
OOOOOOOOOOOOOOOOOOOOOOOOOOOOOOOOOOO
OOOOOOOOOOOOOOOOOOOOOOOOOOOOOOOOOOO
OOOOOOOOOOOOOOOOOOOOOOOOOOOOOOOOOOO
OOOOOOOOOOOOOOOOOOOOOOOOOOOOOOOOOOO
