0 : ChuckTesta
0 : Enemy Count
2 0 0 -3 :  BACKGROUND!
-1 NO SHRINE
-1
36 :  Number of world objects
1 2.71111 0 0 -2.31068 0 1.81805 0 -2.3192 0 0 2.2139 0 0 0 0 1
1 2.71111 0 0 3.54858 0 1.81805 0 -2.16087 0 0 2.2139 0 0 0 0 1
2 1 0 0 -16.9413 0 1 0 1.81018 0 0 1 -2.85002 0 0 0 1
2 1 0 0 -15.5154 0 1 0 2.2588 0 0 1 3.29858 0 0 0 1
2 1.77778 0 0 -15.0487 0 1.39584 0 2.81296 0 0 1.52777 2.3222 0 0 0 1
2 -0.998934 0.0461594 0 -13.7347 -0.0461594 -0.998934 0 -1.42177 0 0 1 -0.95871 0 0 0 1
2 -0.998934 0.0461594 0 -14.0976 -0.0461594 -0.998934 0 -1.73843 0 0 1 -3.01704 0 0 0 1
2 1.67407 0 0 -16.2737 0 0.920837 0 2.09981 0 0 1 0.31665 0 0 0 1
3 1.20741 0 0 -16.0528 0 2.66249 0 -3.13649 0 0 2.79445 0.949997 0 0 0 1
3 -0.00604027 0.21862 -3.44719 -16.8035 -1.09433 1.10603 0.0872767 3.19685 0.371112 3.265 0.201253 -3.32501 0 0 0 1
3 2.76296 0 0 -17.3665 0 6.70001 0 0.965073 0 0 3.66527 -3.93196 0 0 0 1
3 1.7 0 0 -17.2617 0 1.97638 0 0.651413 0 0 1.52779 -1.50417 0 0 0 1
3 1.14514 0 -1.20796 -16.9786 0 2.10834 0 2.41048 0.785922 0 1.76007 -1.74168 0 0 0 1
3 2.7327 0 -0.00864652 -16.5897 0 1.95001 0 -0.109039 0.172323 0 5.30362 0.501373 0 0 0 1
3 1.31111 0 0 -16.8177 0 1.21112 0 -1.12491 0 0 3.19028 1.29305 0 0 0 1
3 2.60741 0 0 -17.1726 0 2.50417 0 0.745911 0 0 3.48056 2.08472 0 0 0 1
3 0.469792 0 -3.4236 -17.1466 0 2.50417 0 -1.52353 2.56473 0 0.627113 -1.71529 0 0 0 1
11 0.0579484 0 -0.99832 -16.729 -0.409106 0.912177 -0.0237469 2.79688 0.910645 0.409795 0.0528592 3.69446 0 0 0 1
11 -0.18789 -0.974886 -0.119542 -17.455 0.0176171 0.118345 -0.992816 0.395493 0.982031 -0.188646 -0.00506129 5.72641 0 0 0 1
11 0.100698 -0.994879 -0.00850461 -17.1957 0.361427 0.0445438 -0.931336 -2.61284 0.926946 0.0907101 0.364062 2.48056 0 0 0 1
11 -0.193606 0.946807 0.257038 -16.9624 0.168808 -0.225938 0.959402 -4.51283 0.966446 0.229136 -0.116086 2.55972 0 0 0 1
11 1 0 0 -14.2215 0 1 0 4.01689 0 0 1 -2.74445 0 0 0 1
11 1 0 0 -14.1178 0 1 0 3.67381 0 0 1 0.145554 0 0 0 1
11 1 0 0 -13.1585 0 1 0 3.48909 0 0 1 2.9164 0 0 0 1
11 1 0 0 -13.6117 0 1 0 3.53941 0 0 1 5.58168 0 0 0 1
11 0.334185 0.56968 -0.750856 -11.6825 -0.836498 0.546341 0.0422116 2.25458 0.434271 0.613983 0.659115 6.92752 0 0 0 1
11 0.119759 0.257445 -0.958843 -13.4714 -0.836498 0.546341 0.0422116 2.65041 0.534723 0.797015 0.280782 7.66641 0 0 0 1
11 0.546829 0.837244 0 -10.8636 -0.837244 0.546829 0 1.77136 0 0 1 5.50252 0 0 0 1
11 0.176531 0.984294 0 -9.33874 -0.984294 0.176531 0 -2.51289 0 0 1 5.52892 0 0 0 1
11 0.0786139 0.68581 -0.723521 -10.7906 -0.993493 0.113883 0 -2.46011 0.082397 0.718813 0.690302 8.37892 0 0 0 1
11 0.0786139 0.68581 -0.723521 -10.6869 -0.993493 0.113883 0 -7.13094 0.082397 0.718813 0.690302 8.72197 0 0 0 1
11 0.106039 0.925058 -0.364722 -8.82022 -0.993493 0.113883 0 -6.73511 0.0415357 0.362348 0.931116 6.34697 0 0 0 1
11 0.189767 -0.988775 0.0885145 -16.6377 0 -0.0547257 -1.63088 6.57698 1.34969 0.139023 -0.0124452 -1.97916 0 0 0 1
12 -0.589234 1.04075 -2.66967e-009 -15.815 -1.08347 -0.566003 -4.90895e-009 -2.45901 -5.96046e-008 0 1 -1.24028 0 0 0 1
14 -0.0336407 -0.999434 0 -17.0818 0.546519 -0.0183957 0.837244 -6.37927 -0.83677 0.0281655 0.546829 -3.19305 0 0 0 1
14 -0.0336407 -0.999434 0 -15.6818 0.546519 -0.0183957 0.837244 1.06239 -0.83677 0.0281655 0.546829 -8.68193 0 0 0 1
-1 : Music ID
0 : Nr of Sounds (type, id, pos.x, pos.y, pos.z, distance, loopType, minInverval, maxInterval)
1 : Nr of Lights 
-1.26017 -1.08214 0 0.128889 1 1 1.93123 49.3592 0 : LIGHTS
OOOOOOOOOOOOOOOOOOOOOOOOOOOOOOOOOOO
OOOOOOOOOOOOOOOOOOOOOOOOOOOOOOOOOOO
OOOOOOOOOOOOOOOOOOOOOOOOOOOOOOOOOOO
OOOOOOOOOOOOOOOOOOOOOOOOOOOOOOOOOOO
OOOOOOOOOOOOOOOOOOOOOOOOOOOOOOOOOOO
OOOOOOOOOOOOOOOOOOOOOOOOOOOOOOOOOOO
OOOOOOOOOOOOOOOOOOOOOOOOOOOOOOOOOOO
OOOOOOOOOOOOOOOOOOOOOOOOOOOOOOOOOOO
OOOOOOOOOOOOOOOOOOOOOOOOOOOOOOOOOOO
OOOOOOOOOOOOOOOOOOOOOOOOOOOOOOOOOOO
OOOOOOOOOOOOOOOOOOOOOOOOOOOOOOOOOOO
OOOOOOOOOOOOOOOOOOOOOOOOOOOOOOOOOOO
OOOOOOOOOOOOOOOOOOOOOOOOOOOOOOOOOOO
OOOOOOOOOOOOOOOOOOOOOOOOOOOOOOOOOOO
OOOOOOOOOOOOOOOOOOOOOOOOOOOOOOOOOOO
OOOOOOOOOOOOOOOOOOOOOOOOOOOOOOOOOOO
OOOOOOOOOOOOOOOOOOOOOOOOOOOOOOOOOOO
OOOOOOOOOOOOOOOOOOOOOOOOOOOOOOOOOOO
OOOOOOOOOOOOOOOOOOOOOOOOOOOOOOOOOOO
OOOOOOOOOOOOOOOOOOOOOOOOOOOOOOOOOOO
OOOOOOOOOOOOOOOOOOOOOOOOOOOOOOOOOOO
OOOOOOOOOOOOOOOOOOOOOOOOOOOOOOOOOOO
OOOOOOOOOOOOOOOOOOOOOOOOOOOOOOOOOOO
OOOOOOOOOOOOOOOOOOOOOOOOOOOOOOOOOOO
OOOOOOOOOOOOOOOOOOOOOOOOOOOOOOOOOOO
OOOOOOOOOOOOOOOOOOOOOOOOOOOOOOOOOOO
OOOOOOOOOOOOOOOOOOOOOOOOOOOOOOOOOOO
OOOOOOOOOOOOOOOOOOOOOOOOOOOOOOOOOOO
OOOOOOOOOOOOOOOOOOOOOOOOOOOOOOOOOOO
OOOOOOOOOOOOOOOOOOOOOOOOOOOOOOOOOOO
OOOOOOOOOOOOOOOOOOOOOOOOOOOOOOOOOOO
OOOOOOOOOOOOOOOOOOOOOOOOOOOOOOOOOOO
OOOOOOOOOOOOOOOOOOOOOOOOOOOOOOOOOOO
OOOOOOOOOOOOOOOOOOOOOOOOOOOOOOOOOOO
OOOOOOOOOOOOOOOOOOOOOOOOOOOOOOOOOOO
