0 : ChuckTesta
6 : Enemy Count
Bat -2 3
Bat -3 -3
Bat 8 15
Flame 8 -11
Flame 14 -11
Spider 7 4
2 0 0 -3 :  BACKGROUND!
-1 NO SHRINE
-1
108 :  Number of world objects
0 1 0 0 -2.44928 0 1 0 17.4075 0 0 1 0 0 0 0 1
0 2.63333 0 0 2.54694 0 5.59167 0 17.2658 0 0 1 -0.0263901 0 0 0 1
0 6.26297 0 0 -13.2948 0 3.32223 0 14.5257 0 0 1 0 0 0 0 1
0 4.75926 0 0 -16.9503 0 4.08749 0 9.61179 0 0 1 0 0 0 0 1
0 3.77407 0 0 -13.2096 0 4.40417 0 12.3021 0 0 1 0 0 0 0 1
0 3.46296 0 0 16.4331 0 0.815269 0 -4.14469 0 0 1 -0.0791626 0 0 0 1
0 4.91481 0 0 14.959 0 7.62361 0 7.90367 0 0 1 0 0 0 0 1
0 2.71111 0 0 15.6923 0 2.76805 0 2.72192 0 0 1 0 0 0 0 1
0 3.30741 0 0 16.8997 0 5.35416 0 -1.18914 0 0 1 -0.0791626 0 0 0 1
0 4.91481 0 0 14.7516 0 7.62361 0 12.1787 0 0 1 0 0 0 0 1
0 4 0 0 -14 0 10 0 9 0 0 1 0 0 0 0 1
0 5 0 0 -17 0 3 0 3 0 0 1 0 0 0 0 1
3 3.8486 -0.555394 -0.358323 13.0254 0.354076 12.0593 -0.228728 -2.12084 1.71041 1.84755 0.905145 -1.82082 0 0 0 1
3 6.65186 0 0 14.3704 0 7.99306 0 -4.56983 0 0 1 -4.14305 0 0 0 1
3 7.96166 -1.081 -0.37524 8.51118 0.449345 8.16517 -0.209648 0.945442 3.41313 1.44663 0.902907 -4.40694 0 0 0 1
3 4.6037 0 0 8.25284 0 4.04225 -0.529638 9.93424 0 1.82529 4.62508 -3.85279 0 0 0 1
5 -2.26291 0.12327 -0.603449 13.5392 0.200866 1.46913 -0.0309566 -5.03337 0.353636 -0.0456608 -2.62518 -9.34798 0 0 0 1
5 -2.24711 0.25446 0.146091 17.4686 0.398161 1.45269 0.0181604 10.004 -0.279584 0.0236283 -2.6898 -5.85117 0 0 0 1
6 -0.00128752 0.999963 -0.00848 11.1476 -0.0182132 0.00845502 0.999797 4.95505 0.999833 0.0014417 0.0182011 0.818054 0 0 0 1
6 -0.00128752 0.999963 -0.00848 11.2764 -0.0182132 0.00845502 0.999797 5.12576 0.999833 0.00144171 0.0182011 -1.00278 0 0 0 1
6 1.07773 -0.000400706 0.00059271 7.98392 -0.00514046 -0.0058246 1.00442 13.1882 -0.00142916 -1.00441 -0.00626299 -2.50834 0 0 0 1
6 1.07773 -0.000400706 0.00059271 5.11354 -0.00514046 -0.0058246 1.00442 10.9452 -0.00142916 -1.00441 -0.00626299 -4.11667 0 0 0 1
6 1.07773 -0.000400706 0.00059271 9.1765 -0.00514046 -0.0058246 1.00442 13.1882 -0.00142916 -1.00441 -0.00626299 -2.50834 0 0 0 1
6 1.07773 -0.000400706 0.00059271 6.79134 -0.00514046 -0.0058246 1.00442 13.1882 -0.00142916 -1.00441 -0.00626299 -2.50834 0 0 0 1
6 1.07773 -0.000400706 0.00059271 -7.14563 -0.00514046 -0.0058246 1.00442 10.8924 -0.00142916 -1.00441 -0.00626299 -4.11667 0 0 0 1
6 1.07773 -0.000400706 0.00059271 -1.07896 -0.00514046 -0.0058246 1.00442 11.0507 -0.00142916 -1.00441 -0.00626299 -4.11667 0 0 0 1
7 -0.0055006 0 -0.999985 -9.25492 0 1 0 -0.26606 0.999985 0 -0.0055006 -3.58888 0 0 0 1
7 0.0372333 0 0.999307 -1.51955 0 1 0 -0.283546 -0.999307 0 0.0372333 -3.45694 0 0 0 1
7 -0.170589 0 -0.985342 -1.46068 0 1 0 -0.293755 0.985342 0 -0.170589 -3.50134 0 0 0 1
7 -0.00674559 0 -0.999978 -7.99733 0 1 0 -0.25721 0.999978 0 -0.00674559 3.89863 0 0 0 1
7 -0.00674559 0 -0.999978 -8.04918 0 1 0 -5.59884 0.999978 0 -0.00674559 3.89863 0 0 0 1
7 -0.00674559 0 -0.999978 -9.26271 0 1 0 -5.52522 0.999978 0 -0.00674559 -3.43749 0 0 0 1
7 -0.00299883 0 0.999996 -1.52954 0 1 0 -5.52522 -0.999996 0 -0.00299883 -3.43749 0 0 0 1
7 -0.00299883 0 0.999996 -1.45176 0 1 0 -5.578 -0.999996 0 -0.00299883 3.97779 0 0 0 1
7 -0.00299883 0 0.999996 -1.41072 0 1 0 -10.6571 -0.999996 0 -0.00299883 3.9972 0 0 0 1
7 -0.0287381 0 -0.999588 -8.04771 0 1 0 -10.6835 0.999588 0 -0.0287381 3.91804 0 0 0 1
7 0.0372333 0 0.999307 -1.51955 0 1 0 -0.283546 -0.999307 0 0.0372333 4.05696 0 0 0 1
7 0.0359711 0 -0.999354 -1.47396 0 1 0 -0.266212 0.999354 0 0.0359711 4.03058 0 0 0 1
7 1 0 0 -7.22398 0 -0.0125345 0.999921 4.99446 0 -0.999921 -0.0125345 -4.64443 0 0 0 1
7 1 0 0 3.96481 0 -0.0125348 0.999921 4.81142 0 -0.999921 -0.0125348 -5.4625 0 0 0 1
8 1 0 0 -8.22031 0 1 0 -4.94485 0 0 1 -3.48333 0 0 0 1
9 1 0 0 14 0 1 0 17 0 0 1 0 0 0 0 1
9 1 0 0 -9 0 1 0 15 0 0 1 0 0 0 0 1
9 1 0 0 -11 0 1 0 10 0 0 1 0 0 0 0 1
9 1 0 0 -11 0 1 0 6 0 0 1 0 0 0 0 1
9 1 0 0 -10 0 1 0 6 0 0 1 0 0 0 0 1
9 1 0 0 -14 0 1 0 2 0 0 1 0 0 0 0 1
9 1 0 0 -14 0 1 0 3 0 0 1 0 0 0 0 1
9 1 0 0 12 0 1 0 14 0 0 1 0 0 0 0 1
9 1 0 0 12 0 1 0 15 0 0 1 0 0 0 0 1
9 1 0 0 14 0 1 0 -12 0 0 1 0 0 0 0 1
9 1 0 0 15 0 1 0 1 0 0 1 0 0 0 0 1
9 1 0 0 14 0 1 0 1 0 0 1 0 0 0 0 1
9 1 0 0 13 0 1 0 4 0 0 1 0 0 0 0 1
10 1 0 0 2 0 1 0 14 0 0 1 0 0 0 0 1
10 -0.0336407 -0.999211 0.0210924 4 0.999434 -0.0336332 0.000709967 16 0 0.0211044 0.999777 0 0 0 0 1
10 0.0296787 0.999559 0 -10 -0.999559 0.0296787 0 14 0 0 1 0 0 0 0 1
10 0.0296787 0.999559 0 -11 -0.999559 0.0296787 0 12 0 0 1 0 0 0 0 1
10 1 0 0 -13 0 1 0 4 0 0 1 0 0 0 0 1
10 0.0296787 0.999559 0 -12 -0.999559 0.0296787 0 6 0 0 1 0 0 0 0 1
10 -0.0125346 0.999921 0 -12 -0.999921 -0.0125346 0 9 0 0 1 0 0 0 0 1
10 1 0 0 16 0 1 0 -6 0 0 1 0 0 0 0 1
10 1 0 0 16 0 1 0 -5 0 0 1 0 0 0 0 1
10 0.00857705 -0.999963 0 14 0.999963 0.00857705 0 3 0 0 1 0 0 0 0 1
10 1 0 0 13 0 1 0 16 0 0 1 0 0 0 0 1
10 1 0 0 16 0 1 0 -12 0 0 1 0 0 0 0 1
10 1 0 0 16 0 1 0 -7 0 0 1 0 0 0 0 1
11 1 0 0 7 0 1 0 17 0 0 1 0 0 0 0 1
11 0.00857683 0.999963 0 15 -0.999963 0.00857683 0 -2 0 0 1 0 0 0 0 1
11 1 0 0 11 0 1 0 -12 0 0 1 0 0 0 0 1
11 0.0085709 -0.99974 -0.0211097 12 0.999963 0.00856889 0.000180933 11 0 -0.0211105 0.999777 0 0 0 0 1
11 0.0085709 -0.99974 -0.0211097 12 0.999963 0.00856889 0.000180933 6 0 -0.0211105 0.999777 0 0 0 0 1
11 1 0 0 -6 0 1 0 15 0 0 1 0 0 0 0 1
11 1 0 0 -2 0 1 0 15 0 0 1 0 0 0 0 1
18 5.61482 0 0 -6.82071 0 0.551399 0 0.10424 0 0 3.84998 0.109802 0 0 0 1
18 3.51482 0 0 1.85872 0 0.604164 0 -0.0458527 0 0 4.14028 0.244537 0 0 0 1
18 0.337769 0 -4.75325 -3.86275 0 0.287498 0 0.369232 2.4023 0 0.668318 -1.84722 0 0 0 1
18 1.62222 0 0 8.76163 0 0.287242 -0.102348 5.3769 0 0.012134 2.42284 0.105553 0 0 0 1
18 -0.193448 -0.0192308 -2.3618 6.48891 -0.0634006 0.337115 -0.148806 5.35152 2.81486 0.0062714 -0.165663 0.263893 0 0 0 1
18 3.51482 0 0 0.821686 0 0.604164 0 0.0333099 0 0 4.14028 0.244537 0 0 0 1
18 1.07778 0 0 -1.15904 0 1.10556 0 7.22289 0 0 4.43055 -2.24305 0 0 0 1
18 1.07778 0 0 -0.130676 0 1.10556 0 7.23519 0 0 4.43055 -2.11111 0 0 0 1
18 1.07778 0 0 -1.964 0 1.10556 0 7.2088 0 0 4.43055 -2.11111 0 0 0 1
18 1.07778 0 0 -3.964 0 1.10556 0 7.18241 0 0 4.43055 -2.11111 0 0 0 1
18 1.07778 0 0 -2.89733 0 1.10556 0 7.21116 0 0 4.43055 -2.16388 0 0 0 1
18 0.031838 0 -3.03159 1.61398 0 0.393051 0 11.2666 2.08865 0 0.0462119 -0.237503 0 0 0 1
19 1.91112 0 0 -2.22823 0 1.99722 0 -8.86225 0 0 2.73611 0 0 0 0 1
19 3.31111 0 0 0.416183 0 3.07917 0 -10.2609 0 0 2.94722 0 0 0 0 1
19 2.90929 0 -1.40722 -5.3801 0 3.07917 0 -8.0012 1.58097 0 2.58956 0.369446 0 0 0 1
19 -0.0186034 -0.00771676 -2.94716 -9.08749 0.0329897 3.07901 -0.00755086 -8.02759 3.3109 -0.0307226 -0.0164833 0.369446 0 0 0 1
19 -0.0186034 -0.00771676 -2.94716 -12.0171 0.0329897 3.07901 -0.00755086 -8.0012 3.3109 -0.0307226 -0.0164833 0.369446 0 0 0 1
19 4 0 0 -16.6852 0 4 0 -0.630562 0 0 4 -0.923607 0 0 0 1
19 2.06297 0 0 3.3099 0 2.47778 0 -11.9188 0 0 3.29583 -0.976395 0 0 0 1
19 4.24074 0 0 2.25109 0 4.98472 0 -15.4936 0 0 3.21667 0.765274 0 0 0 1
19 4.24074 0 0 -3.37483 0 4.98472 0 -12.3298 0 0 3.21667 0.765274 0 0 0 1
19 1.23333 0 0 0.678543 0 1.05278 0 -12.3492 0 0 1 0.197189 0 0 0 1
19 6.23333 0 0 -8.54819 0 6.36945 0 -12.6834 0 0 6.17222 -0.501396 0 0 0 1
19 3.61111 0 0 6.53333 0 3.92083 0 -13.7722 0 0 4.425 0.0527878 0 0 0 1
19 1.72592 0 0 13.1694 0 1.58055 0 -11.7836 0 0 1.97639 -2.50695 0 0 0 1
19 5 0 0 -0.207413 0 4 0 -14.3431 0 0 1 -3.29861 0 0 0 1
19 2 0 0 -12.7361 0 2 0 -5.55995 0 0 1 0 0 0 0 1
19 1 0 0 -2.2438 0 1 0 -4.81771 0 0 1 -3.64445 0 0 0 1
19 2 0 0 -7.39998 0 2 0 1.18887 0 0 1 -3.27222 0 0 0 1
19 1.43622 0 -0.690667 -3.12244 0 1.57777 0 0.716187 0.690667 0 1.56029 3.93195 0 0 0 1
19 0.643976 0.0161458 -0.764875 -0.884308 0 0.999777 0.0211044 0.902336 0.765046 -0.0135907 0.643833 -2.53333 0 0 0 1
19 3 0 0 1.95927 0 3 0 1.71945 0 0 1 0.395829 0 0 0 1
19 1 0 0 -4.00555 0 1 0 7.87884 0 0 1 0 0 0 0 1
19 1.64407 0 0.582271 -2.5847 0 1.81805 0 8.40661 -0.604971 0 1.58238 -3.14027 0 0 0 1
-1 : Music ID
1 : Nr of Sounds (type, id, pos.x, pos.y, pos.z, distance, loopType, minInverval, maxInterval)
1 35 -2 3 -2 5 2 10 20
2 : Nr of Lights 
-8.19921 -4.81432 -3.40416 1 1 0.0949997 3.51459 7.64444 1 : LIGHTS
-0.332977 4.25948 2.79723 1 1 1 2.35419 66.7481 0 : LIGHTS
OOOOOOOOOOOOOOOOOOOOOXXXXXXOOOOXOOO
OOOOOOOOOOOOOOOOOOOOOXOOOOOOOXXXOOO
OOOOOOOXXXXXXXXXXXXOXXOOOOOOOXOOOOO
OOOOOOOXOOOOOOOOOOXXXOOOOOOOOXOOOOO
OOOOOOXXOOOOOOOOOOOOOOOOXXXOOXOOOOO
OOOOOOXOOOOOOOOOOOOOOOOOOOOOOXOOOOO
OOOOOOXOOOXOOOOXXXXXXXXOOOOOOXOOOOO
OOOOOXXOOOOOOOOOOOOOOOOOOOOOOXOOOOO
OOOOOXOOOOOOOOOOOOOOOOOOOOOOOXOOOOO
OOOOOXOOOOOOOXOOOOOOOOOOOOOOOXOOOOO
OOOOOXOOOOOOOXXXXXOOOOOOOOOOOXOOOOO
OOOOOXXXOOOOOOOOOOOOOOOOOOOOOXOOOOO
OOOOOXOOOOXOOOOOOOOOOXXXXXXOOXOOOOO
OOOXXXOOOOOOOOOOOOOOOOOOOOOOOXXXOOO
OOOXOOOOOOOOOOOOOOXXXOOOOOOOOOOXOOO
OOXXOOOOOOOOOOOOOOXOXOOOOOOOOOOXOOO
OOXOOOOOOOOOOOOOOOXOXOOOOOOOOOOXXOO
OOXOOOOOOXXXOOOOOXXXXOOOOOOOOOOOXOO
OOXOOOOOOOOOOOOOOOOOOOOOOOOOOOOOXOO
OOXOOOOOOOOOOOOOOOOOOOOOOOOOOOOOXOO
OOXXOOOOOOOOOOOOOOOOOOOOOOOOOOOOXOO
OOOXOOOOOOOOOOOOOOOOOOOOOOOOOOOOXOO
OOOXXXOOOOOOOOOOOOOOOOOOOOOOOOOOXOO
OOOOOXOOOOOOOOOOOOOOOOOOOOOOOOOOXOO
OOOOOXXXXXXXXXOOOOOOOOOOOOOOOOOOXXX
OOOOOOOOOOOOOXXXOOOOOOOOOOOOOOOOOOO
OOOOOOOOOOOOOOOXXXXXOOOOOOOOOOOOOOO
OOOOOOOOOOOOOOOOOOOXOOOOOOOOOOOOOOO
OOOOOOOOOOOOOOOOOOOXXXOOOOOOOOOOOOO
OOOOOOOOOOOOOOOOOOOOOXXXXXXXXXXXXXX
OOOOOOOOOOOOOOOOOOOOOOOOOOOOOOOOOOO
OOOOOOOOOOOOOOOOOOOOOOOOOOOOOOOOOOO
OOOOOOOOOOOOOOOOOOOOOOOOOOOOOOOOOOO
OOOOOOOOOOOOOOOOOOOOOOOOOOOOOOOOOOO
OOOOOOOOOOOOOOOOOOOOOOOOOOOOOOOOOOO
