0 : ChuckTesta
7 : Enemy Count
Bat 10 -16
Flame 2 -5
Flame 3 -15
Spider -8 5
Ghost 4 -1
Spellbook 7 9
Spellbook -1 -8
2 0 0 -12 :  BACKGROUND!
1 -15 3.5 -1 :  SHRINE!
-1 NO HEALTH PICKUP
62 :  Number of world objects
0 30.7111 0 0 1.81512 0 2.84722 0 15.6247 0 0 6.17222 0 0 0 0 1 
0 6.13334 0 0 15.3322 0 1.34305 0 -4.93079 0 0 1 0 0 0 0 1 
0 9.65927 0 0 14.1064 0 4.14027 0 13.8653 0 0 1 -5.56805 0 0 0 1 
0 2.68517 0 0 -1.11995 0 5.14305 0 -13.4338 0 0 1 0.365326 0 0 0 1 
2 1.07777 0 0 11.9102 0 1.05278 0 -14.4376 0 0 1 -1.00278 0 0 0 1 
6 -0.999536 0 -0.0304733 4.19402 0 1 0 -13.1247 0.0304733 0 -0.999536 -2.3222 0 0 0 1 
9 1.28519 0 0 16.5885 0 1.31667 0 -3.73965 0 0 1 0 0 0 0 1 
10 -0.0170926 -0.999921 0 10 1.36286 -0.0125407 0 -11 0 0 1 0 0 0 0 1 
10 1.49258 0 0 12 0 1.2375 0 -13 0 0 1 0 0 0 0 1 
10 0.00857681 -0.999963 0 13 0.999963 0.00857681 0 -15 0 0 1 0 0 0 0 1 
10 0.993579 0.105358 0.0564716 11 -0.105268 0.994434 -0.00598305 -9 -0.0414676 0 1.36827 0 0 0 0 1 
10 0.00857512 -0.999963 -0.000177926 12 0.999747 0.00857683 -0.0207436 -5 0.0207444 0 0.999785 0 0 0 0 1 
11 5.3037 0 0 -10.4435 0 0.231943 -5.74746 -12.3016 0 1.05232 0.170723 -12.9306 0 0 0 1 
11 1 0 0 15 0 1 0 -6 0 0 1 0 0 0 0 1 
11 0.824498 0.556579 0.1021 12.7447 0 -0.180432 0.983587 -7.32124 0.565866 -0.810965 -0.148765 -7.49446 0 0 0 1 
11 2.91852 0 0 5.56332 0 1.55417 0 -16.2534 0 0 1.34305 -4.03751 0 0 0 1 
11 0.824498 0.556579 0.1021 16.0373 0 -0.180432 0.983587 -7.34764 0.565866 -0.810965 -0.148765 -5.11946 0 0 0 1 
11 1 0 0 14 0 1 0 -4 0 0 1 0 0 0 0 1 
19 2.11481 0 0 -12.5315 0 1.84445 0 -8.52859 0 0 2.26666 -0.316666 0 0 0 1 
27 0.949041 -0.226201 -0.219444 10.5941 0.105557 0.884234 -0.454958 2.26924 0.296952 0.40861 0.863051 -4.14305 0 0 0 1 
45 0.976643 -0.498967 -0.822703 9.06452 0 1.02751 -0.763172 1.11205 1.02365 0.476055 0.784925 -5.99028 0 0 0 1 
46 1.38973 -0.343661 -0.399485 11.1275 0.153394 1.02819 -0.724021 1.16756 0.592464 0.539913 1.12452 -4.53888 0 0 0 1 
46 1.62222 0 0 -8.05485 0 0.973602 0 -16.1366 0 0 1.52779 0 0 0 0 1 
47 0.719714 -2.68114e-009 0.694272 5.36336 3.72529e-009 1 0 -11.0325 -0.694271 2.58636e-009 0.719714 0.475006 0 0 0 1 
47 -0.108985 4.06001e-010 0.994044 5.33743 3.72529e-009 1 0 -11.1117 -0.994044 3.7031e-009 -0.108985 -1.68887 0 0 0 1 
47 0.180178 -6.71212e-010 0.983635 4.79299 3.72529e-009 1 0 -8.12975 -0.983634 3.66432e-009 0.180177 -0.290253 0 0 0 1 
47 0.817892 0.126322 -0.561333 2.33131 0.239959 0.811818 0.532324 -3.71312 0.522945 -0.570081 0.633668 -3.77362 0 0 0 1 
48 0.00857696 -0.999963 0 3.99998 0.999963 0.00857696 0 5.37973 0 0 1 0 0 0 0 1 
50 0.878645 0.356961 -0.317113 6.28645 0 0.664146 0.747603 4.06602 0.477475 -0.656878 0.583549 4.67082 0 0 0 1 
51 0.0085769 0.598707 0.80092 10.0645 -0.830296 0.450614 -0.327953 1.65785 -0.557254 -0.662189 0.50097 -3.98473 0 0 0 1 
52 0.943492 -0.331394 0 2.09789 0.331394 0.943492 0 -3.61729 0 0 1 -1.24026 0 0 0 1 
53 -0.00404862 0 -1.00496 0.185028 0 1.02636 0 -13.5085 1.00496 0 -0.00404862 -0.984726 0 0 0 1 
53 0.0152416 0 -0.999884 17.0367 0 1 0 -0.443787 0.999884 0 0.0152416 -0.897232 0 0 0 1 
53 0.0152416 0 -0.999884 17 0 1 0 5 0.999884 0 0.0152416 -0.897232 0 0 0 1 
53 0.0152416 0 -0.999884 16.9222 0 1 0 10.9208 0.999884 0 0.0152416 -0.740265 0 0 0 1 
53 0.0152384 0 -0.999884 -15 0 1 0 -8 0.999884 0 0.0152384 -0.527786 0 0 0 1 
53 0.945076 -0.2599 0.198198 -16.726 0.156583 0.892292 0.423431 -4.36948 -0.286902 -0.36914 0.88398 -5.90555 0 0 0 1 
53 0.0152414 0 -0.999884 -3 0 1.15834 0 -13.7625 0.999884 0 0.0152414 0 0 0 0 1 
56 1 0 0 3 0 1 0 -16 0 0 1 0 0 0 0 1 
56 1 0 0 13.9741 0 0.982004 -0.188861 -9.15834 0 0.188861 0.982004 0 0 0 0 1 
56 1.28518 0 0 7 0 1 0 -13 0 0 1 0 0 0 0 1 
56 1 0 0 3 0 1 0 -6 0 0 1 0 0 0 0 1 
56 1 0 0 -15 0 1 0 2 0 0 1 0 0 0 0 1 
56 1 0 0 -3 0 1 0 -11 0 0 1 0 0 0 0 1 
56 1 0 0 -13 0 1 0 -11 0 0 1 0 0 0 0 1 
56 1 0 0 -17 0 1 0 -5 0 0 1 0 0 0 0 1 
56 0.978568 -0.138683 -0.152225 -3.69831 0 0.739223 -0.67346 3.10365 0.205926 0.659026 0.72338 -9.05139 0 0 0 1 
57 1 0 0 4.87253 0 1 0 -5.96616 0 0 1 1.37222 0 0 0 1 
57 1 0 0 0.619125 0 1 0 -5.96201 0 0 1 1.39861 0 0 0 1 
57 1 0 0 7 0 1 0 3 0 0 1 1.26666 0 0 0 1 
57 1 0 0 16 0 1 0 4 0 0 1 1.29306 0 0 0 1 
57 1 0 0 -5.99418 0 1 0 -10.9777 0 0 1 1.32353 0 0 0 1 
57 1 0 0 -15.3964 0 1 0 1.9888 0 0 1 -0.606949 0 0 0 1 
57 -0.999953 0 -0.00974127 -9.909 0 1 0 -11.0041 0.00974127 0 -0.999953 -1.31537 0 0 0 1 
57 1 0 0 -13.1725 0 1 0 2.02995 0 0 1 1.31943 0 0 0 1 
57 -0.999953 0 -0.00974127 -7.71481 0 1 0 -10.132 0.00974127 0 -0.999953 -1.31537 0 0 0 1 
58 2.9963 0 0 -8.05772 0 0.89444 0 -2.96185 0 0 1 0.0527802 0 0 0 1 
58 1.28518 0 0 3.92233 0 7.80832 0 -0.555801 0 0 1 0 0 0 0 1 
58 2.91853 0 0 11.9589 0 1.05276 0 -0.00213623 0 0 1 0.211121 0 0 0 1 
58 3.74815 0 0 -1.6256 0 0.973618 0 9.03847 0 0 1 0 0 0 0 1 
58 2.78889 0 0 -1.98112 0 1.02638 0 3.0524 0 0 1 0 0 0 0 1 
58 2.68518 0 0 -8.07368 0 1 0 6.0481 0 0 1 0.105545 0 0 0 1 
7 : Music ID
0 : Nr of Sounds (type, id, pos.x, pos.y, pos.z, distance, loopType, minInverval, maxInterval)
1 : Nr of Lights 
-1.18124 3.11794 2.85001 1 1 1 1.8653 71.4741 0 : LIGHTS
OOOOOOOOOOOOOOOOOOOOOOOOOOOOOOOOOOO
OOOOOOOOOOOOOOOOOOOOOOOOOOOOOOOOOOO
XXXXXXXXXXXXXXXXXXXXXXXXXXXXXXXXXXX
OOOOOOOOOOOOOOOOOOOOOOOOOOOOOOOOOOX
OOOOOOOOOOOOOOOOOOOOOOOOOOOOOOOOOOX
OOOOOOOOOOOOOOOOOOOOOOOOOOOOOOOOOOX
OOOOOOOOOOOOOOOOOOOOOOOOOOOOOOOOOOX
OOOOOOOOOOOOOOOOOOOOOOOOOOOOOOOOOOX
OOOOOOOOOOOOOOXXXXOOOOOOOOOOOOOOOOX
OOOOOOOOOOOOOOOOOOOOOOOOOOOOOOOOOOX
OOOOOOOOOOOOOOOOOOOOOOOOOOOOOOOOOOX
OOOOOOOOXXXOOOOOOOOOXXXOOOOOOOOOOOX
OOOOOOOOOOOOOOOOOOOOXXXOOOOOOOOOOOX
OOOOOOOOOOOOOOOOOOOOOOOOOOOOOOOOOXX
OOOOOOOOOOOOOOXXXOOOOXOOXXOOOOOOOOX
XXXXXXOOOOOOOOOOOOOOOXOOOOOOOOOOOOX
OOOOOOOOOOOOOOOOOOOOOXOOOOOOOOOOOOX
OOOOOOOOOOOOOOOOOOOOOXOOOOOOXXXOOOX
OOOOOOOOOOOOOOOOOOOOOXOOOOOOOOOOOOX
OOOOOOOOOOOOOOOOOOOOOXOOOOOOOOOOOOX
OOOOOOOOXXXOOOOOOOOOOXOOOOOOOOOOOOX
OOOOOOOOOOOOOOOOOOOOOXOOOOOOOXXXXXX
XXXOOOOOOOOOOOOOOOOOOOOOOOOOOXOOOOO
OOXOOOOOOOOOOOOOOXXXXXXXOOOOOXXXXXX
OOXOOOOOOOOOOOOOOOOOOOXOOOOOOOOOOOO
OOXOXXOOOOOOOOOOOOOOOOXOOOOOOOOOOOO
OOXOXXOOOOOOOOOOOOOOOOXOOOOXXXXXXXX
OOXOOOOOXXXOOOOOOOOOOOXXOOOXOOOOOOO
XXXXXXXXOOOXXXXXXXOOOOXXOOOXOOOOOOO
OOOOOOOOOOOOOOXOOXOOOOXXOOOXOOOOOOX
OOOOOOOOOOOOOOXOOXOOOXXXXXXXXXXOOOX
OOOOOOOOOOOOOOXOOXOOOOOOOOOOOOXOOOO
OOOOOOOOOOOOOOXOOXOOOOOOOOOOOOXOOOO
OOOOOOOOXXXOOOXOOXXXXXXOOOOOOOXOOOO
OOOOOOOOOOOOOOXOOOOOOOXOOOOOOOXOOOO
