0 : ChuckTesta
0 : Enemy Count
2 0 0 -12 :  BACKGROUND!
-1 NO SHRINE
-1 NO HEALTH PICKUP
22 :  Number of world objects
2 1.07777 0 0 11.9102 0 1.05278 0 -14.4376 0 0 1 -1.00278 0 0 0 1
6 -0.999536 0 -0.0304733 4.19402 0 1 0 -13.1247 0.0304733 0 -0.999536 -2.3222 0 0 0 1
10 -0.0170926 -0.999921 0 10 1.36286 -0.0125407 0 -11 0 0 1 0 0 0 0 1
10 1.49258 0 0 12 0 1.2375 0 -13 0 0 1 0 0 0 0 1
10 0.00857681 -0.999963 0 13 0.999963 0.00857681 0 -15 0 0 1 0 0 0 0 1
10 0.993579 0.105358 0.0564716 11 -0.105268 0.994434 -0.00598305 -9 -0.0414676 0 1.36827 0 0 0 0 1
11 5.3037 0 0 -10.4435 0 0.231943 -5.74746 -12.3016 0 1.05232 0.170723 -12.9306 0 0 0 1
11 1 0 0 15 0 1 0 -6 0 0 1 0 0 0 0 1
11 0.824498 0.556579 0.1021 12.7447 0 -0.180432 0.983587 -7.32124 0.565866 -0.810965 -0.148765 -7.49446 0 0 0 1
11 2.91852 0 0 5.56332 0 1.55417 0 -16.2534 0 0 1.34305 -4.03751 0 0 0 1
11 0.824498 0.556579 0.1021 16.0373 0 -0.180432 0.983587 -7.34764 0.565866 -0.810965 -0.148765 -5.11946 0 0 0 1
47 0.719714 -2.68114e-009 0.694272 5.36336 3.72529e-009 1 0 -11.0325 -0.694271 2.58636e-009 0.719714 0.475006 0 0 0 1
47 -0.108985 4.06001e-010 0.994044 5.33743 3.72529e-009 1 0 -11.1117 -0.994044 3.7031e-009 -0.108985 -1.68887 0 0 0 1
47 0.180178 -6.71212e-010 0.983635 4.79299 3.72529e-009 1 0 -8.12975 -0.983634 3.66432e-009 0.180177 -0.290253 0 0 0 1
53 -0.00404862 0 -1.00496 0.185028 0 1.02636 0 -13.5085 1.00496 0 -0.00404862 -0.984726 0 0 0 1
56 1 0 0 3 0 1 0 -16 0 0 1 0 0 0 0 1
56 1 0 0 13.9741 0 0.982004 -0.188861 -9.15834 0 0.188861 0.982004 0 0 0 0 1
56 1.28518 0 0 7 0 1 0 -13 0 0 1 0 0 0 0 1
56 1 0 0 3 0 1 0 -6 0 0 1 0 0 0 0 1
57 1 0 0 4.87253 0 1 0 -5.96616 0 0 1 1.37222 0 0 0 1
57 1 0 0 0.619125 0 1 0 -5.96201 0 0 1 1.39861 0 0 0 1
58 15.3889 0 0 -10.6247 0 1.05278 0 -14.2902 0 0 2.24028 0 0 0 0 1
-1 : Music ID
0 : Nr of Sounds (type, id, pos.x, pos.y, pos.z, distance, loopType, minInverval, maxInterval)
0 : Nr of Lights 
OOOOOOOOOOOOOOOOOOOOOOOOOOOOOOOOOOO
OOOOOOOOOOOOOOOOOOOOOOOOOOOOOOOOOOO
OOOOXXXXXXXXXXXXXXXXXXXXXXXXXXXXXXX
OXXXOOOOOOOOOOOOOOOOOOOOOOOOOOOOOOX
XXOOOOOOOOOOOOOOOOOOOOOOOOOOOOOOOOX
OOOOOOOOOOOOOOOOOOOOOOOOOOOOOOOOOOX
OOOOOOOOOOOOOOOOOOOOOOOOOOOOOOOOOOX
OOOOOOOOOOOOOOOOOOOOOOOOOOOOOOOOOOX
OOOOOOOOOOOOOOOOOOOXXXXOOOOOOOOOOOX
OOOOOOOOOOOOOOOOOOOOOOOOOOOOOOOOOOX
OOOOOOOOOOOOOOOOOOOOOOOOOXOOOOOOOOX
OOOOOOOOOOOOOOOOOOOOOOOOOXOOOOOOOOX
OOOOOOXOOOOOOOOOOOOOOOOOOXOOOOOOOOX
OOOOOOXOOOOOOOOOOOOOOOOOOXOOOOOOOOX
OOOOXXXXXOOOOOOOOOOOOOOOOXOOOOOOOOX
OOOOOOXOOOOOOOOOOOOOOOOOOXOOOOOOOOX
OOOOOOXOOOOOOOOOOOOOOOXXXXOOOOOOOOX
OOOOOOOOOOOOOOOOOOOOOOXOOOOOOOOOOOX
OOOOOOOOOOOOOOOOOOOOOOXOOOOOOOOOOOX
OOOOOOOOOOOOOOOOOOOOOOXOOOOOOOOOOOX
OOOOOOOOXXXOOOOOOOOOOOXOOOOOOOOOOOX
OOOOOOOOOOOOOOOOOOOOOOXOOOOOOXXXXXX
XXXOOOOOOOOOOOOOOOOOOOXOOOOOOXOOOOO
OXOOOOOOOOOOOOOOOXXXXXXXOOOOOXXXXXX
OXOOOOOOOOOOOOOOOOOOOOXOOOOOOOOOOOO
OXOOOOOOOOOOOOOOOOOOOOXOOOOOOOOOOOO
OXOOOOOOOOOOOOOOOOOOOOXOOOOXXXXXXXX
OXOOOOOOOOOOOOOOOOOOOOXXOOOXOOOOOOO
OXXXXXXXXXXXXXXXXXOOOOXXOOOXOOOOOOO
OOOOOOOOOOOOOOOOOXOOOOXXOOOXOOOOOOO
OOOOOOOOOOOOOOOOOXOOOXXXXXXXXXXOOOO
XXXXXXXXXXXXXXXXOXOOOOOOOOOOOOXOOOO
OOOOOOOOOOOOOOXOOXOOOOOOOOOOOOXOOOO
OOOOOOOOOOOOOOXOOXXXXXXOOOOOOOXOOOO
OOOOOOOOOOOOOOXOOOOOOOXOOOOOOOXOOOO
