0 : ChuckTesta
8 : Enemy Count
Bat 9 13
Bat -8 16
Flame -8 -7
Flame 0 -7
Spider -12 2
Ghost 11 6
Ghost -9 -2
Spellbook 7.5 -2
2 0 0 -12 :  BACKGROUND!
-1 NO SHRINE
-1 NO HEALTH PICKUP
73 :  Number of world objects
0 27.4963 0 0 -4.30566 0 2.16112 0 -8.73117 0 0 1 0 0 0 0 1 
0 1.54443 0 0 17.4017 0 29.5264 0 7.31432 0 0 8.94305 1.47777 0 0 0 1 
0 6.62592 0 0 0.838043 0 8.20416 0 15.2608 0 0 1.6611 0 0 0 0 1 
19 0.985773 -0.168083 0 11.8677 0.141508 0.829919 -0.539638 7.95538 0.0907038 0.531961 0.841897 0.316666 0 0 0 1 
19 1.90741 0 0 11.3307 0 1.84445 0 5.43483 0 0 0.84166 1.92641 0 0 0 1 
19 1 0 0 11.7196 0 0.968082 -0.250631 6.93767 0 0.250631 0.968082 1.45139 0 0 0 1 
45 0.683682 0.602788 -0.785659 -4.58926 0 1.40034 0.608718 12.65 0.99026 -0.0847535 0.110465 -6.43889 0 0 0 1 
45 1.44074 0 0 9.8422 0 1.44861 0 5.17093 0 0 1.10556 0.818054 0 0 0 1 
45 1.14514 0.5793 -0.506471 10.8866 0 0.94886 0.965669 7.69043 0.785927 -0.844071 0.737955 0.131943 0 0 0 1 
47 0.643976 -0.503177 0.576287 -11.3152 0 0.753272 0.657709 10.0249 -0.765046 -0.423549 0.485089 -7.91666 0 0 0 1 
47 -0.0125408 0.999921 0 -0.839172 -0.999921 -0.0125408 0 -0.522339 0 0 1 0 0 0 0 1 
47 0.906634 0.32697 -0.266654 10.9903 0 0.632005 0.774963 6.55708 0.421917 -0.702608 0.572998 0 0 0 0 1 
48 1 0 0 -14.9781 0 0.664145 0.747603 10.75 0 -0.747603 0.664145 -5.17221 0 0 0 1 
48 1 0 0 8.49259 0 1 0 6 0 0 1 -0.316666 0 0 0 1 
49 -0.0327685 -1.34229 0 4.18314 0.973523 -0.0451812 0 -6.25452 0 0 1 3.19305 0 0 0 1 
49 0.773201 0.626376 -0.237271 -4.54277 0.275315 -0.380476 1.13128 -5.28922 0.289662 -1.31037 -0.441898 4.18053 0 0 0 1 
49 0.773201 0.626376 -0.237271 -3.89462 -0.00158897 -0.622144 -1.12624 -9.01006 -0.399625 1.2144 -0.454599 4.18053 0 0 0 1 
49 0.773201 0.626376 -0.237271 -10.0391 -0.00158897 -0.622144 -1.12624 -4.23366 -0.399625 1.2144 -0.454599 -0.886154 0 0 0 1 
52 -0.0245707 -1.50093 -0.0422642 7.99052 -1.95145 0.0215484 -0.176247 -8.63249 0.172959 0.0299003 -1.99456 3.12222 0 0 0 1 
52 -0.0245707 -1.50093 -0.0422642 7.96458 1.9591 -0.0188245 -0.000530067 -6.6797 0 -0.0316859 2.00233 3.14165 0 0 0 1 
52 -0.0245707 -1.50093 -0.0422642 7.96458 1.9591 -0.0188245 -0.000530067 -6.44221 0 -0.0316859 2.00233 -0.0792084 0 0 0 1 
52 -0.0245707 -1.50093 -0.0422642 6.92755 1.9591 -0.0188245 -0.000530067 -6.52138 0 -0.0316859 2.00233 -0.255554 0 0 0 1 
52 -0.0245707 -1.50093 -0.0422642 5.91644 -1.95145 0.0215484 -0.176247 -7.44498 0.172959 0.0299003 -1.99456 -0.255554 0 0 0 1 
52 -0.0245707 -1.50093 -0.0422642 4.41274 -1.95145 0.0215484 -0.176247 -7.28665 0.172959 0.0299003 -1.99456 3.20139 0 0 0 1 
52 -0.0245707 -1.50093 -0.0422642 5.73496 -1.95145 0.0215484 -0.176247 -7.99915 0.172959 0.0299003 -1.99456 2.40971 0 0 0 1 
52 -0.0245707 -1.50093 -0.0422642 6.90162 1.9591 -0.0188245 -0.000530067 -7.28665 0 -0.0316859 2.00233 2.71942 0 0 0 1 
52 -0.0245707 -1.50093 -0.0422642 5.66832 1.9591 -0.0188245 -0.000530067 -9.84784 0 -0.0316859 2.00233 2.71942 0 0 0 1 
52 -0.0245707 -1.50093 -0.0422642 4.52758 1.9591 -0.0188245 -0.000530067 -9.24091 0 -0.0316859 2.00233 3.0097 0 0 0 1 
52 -0.0245707 -1.50093 -0.0422642 3.95721 1.9591 -0.0188245 -0.000530067 -7.89507 0 -0.0316859 2.00233 2.19165 0 0 0 1 
52 0.67232 0.658521 0.338133 -9.56501 -0.684346 0.727059 -0.0552584 -9.23509 -0.282232 -0.194249 0.939474 2.69167 0 0 0 1 
52 1.16394 0.44081 0.028835 -8.03154 -0.454248 1.03767 -0.259575 -5.70593 -0.15692 0.265869 0.965292 -0.976395 0 0 0 1 
53 -0.0530539 0 -0.998896 13 0 1.36946 0 8 1.12838 0 -0.0469659 -2 0 0 0 1 
53 0.75311 0.657567 -0.0207383 -12.023 -0.545293 0.641538 0.539522 -5.57727 0.368076 -0.395011 0.841716 -5.43611 0 0 0 1 
53 0.0152414 0 -0.999884 -3 0 1.15834 0 1 0.999884 0 0.0152414 0 0 0 0 1 
53 1.36296 0 0 0.313759 0 1.2639 0 8.26193 0 0 1 -2 0 0 0 1 
53 1.36296 0 0 13.8185 0 1.2639 0 8.31668 0 0 1 -2 0 0 0 1 
53 1.36296 0 0 7.07778 0 1.2639 0 8.29028 0 0 1 -2 0 0 0 1 
53 1.62221 0 0 9.11111 0 1.18474 0 15.6833 0 0 1 -2 0 0 0 1 
53 -0.0530539 0 -0.998896 5.01482 0 1.36946 0 15.2347 1.12838 0 -0.0469659 -2 0 0 0 1 
53 -0.0530539 0 -0.998896 13 0 1.36946 0 15 1.12838 0 -0.0469659 -2 0 0 0 1 
53 0.0152414 0 -0.999884 -3 0 1.15834 0 8 0.999884 0 0.0152414 0 0 0 0 1 
53 0.0152414 0 -0.999884 -3 0 1.15834 0 15 0.999884 0 0.0152414 0 0 0 0 1 
54 1.25926 0 0 0.662971 0 1.15834 0 -4.76526 0 0 1 -1.87085 0 0 0 1 
54 1.25926 0 0 6.93705 0 1.15834 0 -4.76526 0 0 1 -1.87085 0 0 0 1 
54 1.2074 0 0 6.96165 0 1.21111 0 1.06055 0 0 1 -1.90697 0 0 0 1 
54 0.035974 0 -0.999353 8.89772 0 1 0 -4.58359 0.999353 0 0.035974 -0.263885 0 0 0 1 
54 0.035974 0 -0.999353 8.92365 0 1 0 1.16241 0.999353 0 0.035974 -0.263885 0 0 0 1 
55 1.41482 0 0 -6 0 1.23752 0 -5 0 0 1 -2 0 0 0 1 
55 1.41482 0 0 0.611107 0 1.23752 0 0.963882 0 0 1 -1.85962 0 0 0 1 
56 1.2074 0 0 0.507408 0 1 0 -8.0264 0 0 1 0 0 0 0 1 
56 1.2074 0 0 -5 0 1 0 -8 0 0 1 0 0 0 0 1 
56 1 0 0 4 0 1 0 -2 0 0 1 0 0 0 0 1 
56 1 0 0 0 0 1 0 -2 0 0 1 0 0 0 0 1 
56 1 0 0 6 0 1 0 -8 0 0 1 0 0 0 0 1 
56 1 0 0 6 0 1 0 4 0 0 1 0 0 0 0 1 
56 1 0 0 11 0 1 0 4 0 0 1 0 0 0 0 1 
56 1.33702 0 0 -11.2074 0 1 0 -8 0 0 1 0 0 0 0 1 
56 1 0 0 0 0 1 0 11 0 0 1 0 0 0 0 1 
56 1 0 0 3 0 1 0 11 0 0 1 0 0 0 0 1 
56 1 0 0 8 0 1 0 11 0 0 1 -2 0 0 0 1 
56 0.81852 0 0 11 0 1.0264 0 11 0 0 1 0 0 0 0 1 
57 1 0 0 -14.9785 0 1 0 -7.98453 0 0 1 1.29306 0 0 0 1 
57 -0.999536 0 -0.0304763 -16.3785 0 1 0 -8.01093 0.0304763 0 -0.999536 -1.425 0 0 0 1 
57 1.07778 0 0 -4.42487 0 1.13193 0 3.82997 0 0 1.47501 2.16388 0 0 0 1 
57 0.705158 -0.395143 -0.588739 -5.74109 0 0.830321 -0.557286 0.0123138 0.70905 0.392974 0.585508 -6.09584 0 0 0 1 
57 1 0 0 5.5963 0 1 0 15.8944 0 0 1 1 0 0 0 1 
57 0.812585 -0.37399 -0.447032 10.2644 0 0.766985 -0.641665 4.42793 0.582843 0.521407 0.62324 0.290283 0 0 0 1 
57 1 0 0 9.02068 0 1 0 10.9881 0 0 1 1.39862 0 0 0 1 
58 3.85556 0 0 -12.4296 0 1.02638 0 2.97362 0 0 1.68611 0 0 0 0 1 
58 3 0 0 -15 0 1 0 -3 0 0 2.08194 0 0 0 0 1 
58 3.17777 0 0 -9.01725 0 1.07916 0 9.00676 0 0 1 0.765274 0 0 0 1 
58 1.85555 0 0 -13.5135 0 8.75832 0 12.0639 0 0 2.02917 0.333344 0 0 0 1 
58 2.68518 0 0 -5.86913 0 1.05278 0 13.9931 0 0 1 0 0 0 0 1 
7 : Music ID
0 : Nr of Sounds (type, id, pos.x, pos.y, pos.z, distance, loopType, minInverval, maxInterval)
1 : Nr of Lights 
-5.64728 11.2398 14.9889 1 1 1 1.67015 138.544 0 : LIGHTS
OOOOOOOOOOOOOOXOOOOOOOXOOOOOOOXOOOO
OOOXXOOOOOOOOOXOOOOOOOXXXOOOOOXOOOO
OOOXXOOOOOOOOOXOOOOOOOXOOOOOOOXOOOO
OOOXXOOOOOXXXOXOOOOOOOXOOOOOOOXOOOO
OOOXXOOOOOOOOOXOOOOOOOXOOOOOOOXOOOO
OOOXXOOOOOOOOOXOOOOOOOXOOOOOOOXOOOO
OOOXXOOOOOOOOOXXXXXXXXXOOOXXXXXOOOO
OOOXXOOOOOOOOOXOOOOOOOOOOOOOOOXOOOO
OOOXXOOXXXOOOOXOOOOOOOOOOOOOOOXOOOO
OOOXXOOOOOOOOOXOOOOOOOOOOOOOXXXOOOO
OOOOOOOOOOOOOOXOOOOOOOOOOXXXXOOOOOO
OOOOOOOOOOOOOOXOOOOOOOOOOXOOOOOOOOO
OOOOOOOOOOOOOOXOOOOOOOOOOXOOOOOOOOO
OOOOOOOOOOOOXXXOOOOOOXXXXXXOOOOOOOO
OOOXXXXOOOOOOOXOOOOOOOOOOOXOOOOOOOO
OOOOOOOOOOOOOOXOOOOOOOOOOOXOOOOOOOO
OOOOOOOOOOOOOOXOOOOOOOOOOOXOOOOOOOO
OOOOOOOOOOOOOOXXXXOOOOOOOOXOOOOOOOO
OOOOOOOOOOOOOOXOOXOOOOOOOOXOOOOOOOO
OOOOOOOOOOOOOOXXXXXXXXXXOOXOOOOOOOO
OXXXOOOOOOOOOOOOOOOOOOOOOOXOOOOOOOO
OOOOOOOOOOOOOOOOOOOOOOOOOOXOOOOOOOO
OOOOOOOOOOOOOOOOOOOOOOOOOOXOOOOOOOO
OOOOOOOOOOOOOOOOOOOOOOOOXXXOOOOOOOO
OOOOOOOOOOOOOOOOOOOOOOOXXOOOOOOOOOO
XXXXXXXXXXXXXXXXXXXXXXXXOOOOOOOOOOO
OOOOOOOOOOOOOOOOOOOOOOOOOOOOOOOOOOO
OOOOOOOOOOOOOOOOOOOOOOOOOOOOOOOOOOO
OOOOOOOOOOOOOOOOOOOOOOOOOOOOOOOOOOO
OOOOOOOOOOOOOOOOOOOOOOOOOOOOOOOOOOO
OOOOOOOOOOOOOOOOOOOOOOOOOOOOOOOOOOO
OOOOOOOOOOOOOOOOOOOOOOOOOOOOOOOOOOO
OOOOOOOOOOOOOOOOOOOOOOOOOOOOOOOOOOO
OOOOOOOOOOOOOOOOOOOOOOOOOOOOOOOOOOO
OOOOOOOOOOOOOOOOOOOOOOOOOOOOOOOOOOO
