0 : ChuckTesta
0 : Enemy Count
-1 NO BACKGROUND
-1 NO SHRINE
-1
143 :  Number of world objects
0 3.92963 0 0 -17.3119 0 3.42777 0 2.02486 0 0 1 0 0 0 0 1
0 5.56297 0 0 -15.3561 0 4.43055 0 5.68314 0 0 1 0 0 0 0 1
0 1 0 0 -3.43634 0 1 0 14.4457 0 0 1 0 0 0 0 1
0 3.90371 0 0 -10.5084 0 1.79166 0 12.3928 0 0 1 0 0 0 0 1
0 8.77778 0 0 -9.22564 0 6.04027 0 -15.2218 0 0 1 -4.96391 0 0 0 1
0 6.00371 0 0 -15.5668 0 8.62639 0 11.1951 0 0 1 -0.369446 0 0 0 1
0 2.63334 0 0 -14.8667 0 6.11945 0 17.3741 0 0 1 0 0 0 0 1
0 1.90741 0 0 -12.1898 0 4.69444 0 10.8692 0 0 1 0 0 0 0 1
0 5.43333 0 0 -9.312 0 1.79166 0 13.165 0 0 1 0 0 0 0 1
3 1.9074 0 0 -16.1113 0 5.32777 0 -3.03123 0 0 1 -6.06944 0 0 0 1
3 8.7 0 0 11.7347 0 1.27392 -0.993494 8.39372 0 11.1133 0.113884 -22.7208 0 0 0 1
3 -0.354072 -2.28218 -0.0799665 12.2566 2.18959 -0.364935 -0.0338701 -10.6181 0.0460217 -0.195598 0.996222 0.211105 0 0 0 1
3 1 0 0 13.018 0 1 0 -11.1846 0 0 1 0.923615 0 0 0 1
4 1.89453 -0.206375 0.797074 -10.1037 0.275947 2.00914 -0.0911693 -3.82512 -0.835483 0.195614 1.77732 -11.6903 0 0 0 1
4 1.23402 1.58256 0.403191 -13.0037 0.298713 0.306401 -1.90737 -10.2904 -1.65873 1.23253 -0.0435325 -10.5028 0 0 0 1
5 -0.564361 0 -2.6511 -6.7953 -0.187997 1.46975 0.0403115 -11.0271 2.22089 0.124414 -0.476216 -12.9806 0 0 0 1
5 0.0020374 0 -2.68713 -7.61386 0 1.47501 0 -11.3396 2.29917 0 0.189829 -6.67368 0 0 0 1
5 0.120109 -0.0242791 2.69306 -5.85224 -0.187997 1.46975 0.0403115 -11.0932 -2.28832 -0.122022 -0.0502968 -19.3931 0 0 0 1
5 0.0020374 0 -2.68713 -5.68447 0 1.47501 0 -11.3812 2.29917 0 0.189829 -26.175 0 0 0 1
5 -2.29371 0.0746529 -0.312526 -4.17202 0.115808 1.4731 0.0265565 8.10315 0.107996 0.00590123 -2.6755 -6.09273 0 0 0 1
5 -2.29371 0.0746529 -0.312526 2.61389 0.115808 1.4731 0.0265565 7.76402 0.107996 0.00590123 -2.6755 -6.40939 0 0 0 1
5 0.0020374 0 -2.68713 1.35281 0.193916 1.46975 0.0160105 -6.10159 2.29098 -0.124405 0.189152 7.25304 0 0 0 1
5 0.0020374 0 -2.68713 1.35281 0.193916 1.46975 0.0160105 -6.7613 2.29098 -0.124405 0.189152 0.497475 0 0 0 1
5 0.0943338 -0.0153295 -2.6772 1.21505 0.576231 1.42793 0.0475759 -7.89539 2.22379 -0.369356 0.295041 -6.17892 0 0 0 1
5 0.0943338 -0.0153295 -2.6772 0.933029 0.576231 1.42793 0.0475759 -9.59496 2.22379 -0.369356 0.295041 -12.767 0 0 0 1
5 0.0943338 -0.0153295 -2.6772 0.63327 0.576231 1.42793 0.0475759 -11.3117 2.22379 -0.369356 0.295041 -19.3906 0 0 0 1
5 0.0943338 -0.0153295 -2.6772 0.42688 0.000486951 1.47493 -0.0278891 -11.7317 2.29723 0.000316776 0.297548 -24.3781 0 0 0 1
5 0.0943338 -0.0153295 -2.6772 0.167618 0.000486951 1.47493 -0.0278891 -11.8636 2.29723 0.000316776 0.297548 -31.3712 0 0 0 1
5 0.0466729 -0.0153328 -2.6828 -5.74051 0.000486951 1.47493 -0.0278891 -11.4206 2.2987 -1.19951e-006 0.241963 -33.0337 0 0 0 1
5 -2.22967 -0.0641066 -0.827039 -15.2819 -0.096545 1.47361 -0.0380779 -5.20943 0.552663 -0.00120675 -2.56345 -10.5619 0 0 0 1
5 -2.10328 -0.202685 -1.19216 -9.01671 -0.333051 1.45939 -0.0515102 -4.57772 0.866878 0.0689233 -2.41512 -12.6202 0 0 0 1
5 -2.0627 -0.295184 -1.2264 -2.8413 -0.485848 1.44152 -0.0805545 -3.37292 0.891846 0.102578 -2.39712 -15.2327 0 0 0 1
5 -2.17003 -0.306919 -0.866678 3.44378 -0.485848 1.44152 -0.0805545 -1.93388 0.584029 0.0587914 -2.54933 -17.3966 0 0 0 1
5 -2.22178 -0.323154 -0.543546 9.34132 -0.521839 1.43491 0.0809641 -0.519867 0.278484 0.110658 -2.63718 -18.4521 0 0 0 1
5 -2.22178 -0.323154 -0.543546 15.8521 -0.521839 1.43491 0.0809641 0.994682 0.278484 0.110658 -2.63718 -19.2702 0 0 0 1
5 -2.29097 -0.11365 -0.27935 16.1907 -0.178874 1.47021 0.0417501 8.32013 0.0752294 0.0347627 -2.67898 -6.99937 0 0 0 1
5 -2.29097 -0.11365 -0.27935 9.424 -0.178874 1.47021 0.0417501 7.87152 0.0752294 0.0347627 -2.67898 -6.6827 0 0 0 1
5 0.0020374 0 -2.68713 -7.60648 -0.897689 1.35793 -0.0741167 -15.3085 2.11668 0.575902 0.174761 6.14469 0 0 0 1
5 0.0020374 0 -2.68713 -7.60648 -0.897689 1.35793 -0.0741167 -12.6432 2.11668 0.575902 0.174761 -0.135864 0 0 0 1
5 -2.25652 0.253872 -0.410923 -10.8844 0.398161 1.45269 0.0181604 8.87318 0.189131 -0.0292764 -2.66224 -5.67052 0 0 0 1
6 1 0 0 11.9487 0 1 0 7.72902 0 0 1 -6.14726 0 0 0 1
6 1 0 0 11.9228 0 1 0 4.38741 0 0 1 -6.14726 0 0 0 1
6 1 0 0 8.6043 0 1 0 7.58595 0 0 1 -6.14726 0 0 0 1
6 -0.034018 0.00881223 1.68021 12.6455 -0.0444794 1.26276 -0.0149513 0.993019 -1.07765 -0.0526178 -0.10939 -8.49174 0 0 0 1
6 -0.034018 0.00881223 1.68021 12.1561 -0.0444794 1.26276 -0.0149513 1.07213 -1.07765 -0.0526178 -0.10939 -6.32784 0 0 0 1
6 1 0 0 8.57837 0 1 0 4.21241 0 0 1 -6.01531 0 0 0 1
6 0.105176 -0.0490824 -0.993242 8.52937 -0.042714 0.997636 -0.0538228 4.13518 0.993537 0.0480861 0.102831 -6.14725 0 0 0 1
6 -0.998639 0.0424476 0.0302878 11.9257 0.0434792 0.998467 0.0342527 4.37269 -0.0287873 0.035523 -0.998954 -8.20559 0 0 0 1
6 0.157035 -0.0616165 0.985669 11.459 0.0440772 0.997494 0.0553335 4.3463 -0.986609 0.0347562 0.159357 -8.20559 0 0 0 1
6 0.157035 -0.0616165 0.985669 11.7701 0.0440772 0.997494 0.0553335 4.29352 -0.986609 0.0347562 0.159357 -6.12086 0 0 0 1
6 -0.980169 0.0359973 0.194869 9.22653 0.0434792 0.998467 0.0342527 4.2388 -0.193337 0.0420462 -0.980231 -8.20559 0 0 0 1
6 -0.980169 0.0359973 0.194869 8.94135 0.0434792 0.998467 0.0342527 7.5638 -0.193337 0.0420462 -0.980231 -8.20559 0 0 0 1
6 -0.992298 0.0471404 -0.114554 11.862 0.0434792 0.998467 0.0342527 7.6053 0.115994 0.0290082 -0.992826 -8.33754 0 0 0 1
6 -0.170047 -0.00309516 -0.985432 8.66015 0.0497669 0.998691 -0.0117247 7.54081 0.98418 -0.0510357 -0.16967 -6.33199 0 0 0 1
6 -0.15245 -0.0673556 -0.986014 8.69469 0.0401984 0.996426 -0.0742823 7.59687 0.987494 -0.0509606 -0.149197 -8.57504 0 0 0 1
6 -0.111771 -0.00685543 0.993711 11.8066 0.0728372 0.997229 0.0150723 7.57525 -0.991062 0.0740638 -0.110962 -6.22643 0 0 0 1
6 -0.111771 -0.00685543 0.993711 11.7548 0.0728372 0.997229 0.0150723 7.65443 -0.991062 0.0740638 -0.110962 -8.19701 0 0 0 1
6 0.0161608 0.017436 0.999718 2.06447 -0.0387246 0.999109 -0.0167994 -8.42902 -0.999119 -0.0384422 0.0168213 -6.86111 0 0 0 1
7 -0.787605 0.0139158 -0.556653 -8.61886 -0.0015489 1.34276 0.0210472 -4.63562 0.527875 0.0247026 -0.830479 -14.7778 0 0 0 1
7 0.792691 0.0173432 -0.54851 -16.4741 -0.0015489 1.34276 0.0210472 0.840553 0.520208 -0.0224295 0.83588 -9.05138 0 0 0 1
7 0.0980495 0 -0.706305 -0.223282 0 1 0 -7.06921 0.995182 0 0.0695882 0.686104 0 0 0 1
7 1.33704 0 0 4.0799 0 2.10745 -0.0422115 -2.46111 0 0.0422115 0.999108 -16.0708 0 0 0 1
7 -0.768575 0 0.63976 -13.5959 0 1 0 0.745529 -0.63976 0 -0.768575 -12.8514 0 0 0 1
7 -0.0874311 0.0246577 0.995866 11.2741 -0.105042 0.993892 -0.0338309 -6.89497 -0.990617 -0.107566 -0.0843068 0 0 0 0 1
7 0.123856 -1.52567 -0.0197146 -16.0889 -0.00909028 0.231943 0.999611 9.29065 -1.28793 -0.0688236 0.101422 -5.62083 0 0 0 1
7 0.123856 -1.52567 -0.0197146 -15.4629 -0.00909028 0.231943 0.999611 9.4017 -1.28793 -0.0688236 0.101422 -7.07222 0 0 0 1
9 1 0 0 -17 0 1 0 -7 0 0 1 0 0 0 0 1
9 1 0 0 -17 0 1 0 -6 0 0 1 0 0 0 0 1
9 1 0 0 -17 0 1 0 -5 0 0 1 0 0 0 0 1
9 1 0 0 -17 0 1 0 -4 0 0 1 0 0 0 0 1
9 1 0 0 -15 0 1 0 0 0 0 1 0 0 0 0 1
9 1 0 0 -15 0 1 0 1 0 0 1 0 0 0 0 1
9 1 0 0 -14 0 1 0 1 0 0 1 0 0 0 0 1
9 1 0 0 -14 0 1 0 2 0 0 1 0 0 0 0 1
9 1 0 0 -12 0 1 0 9 0 0 1 0 0 0 0 1
9 1 0 0 -11 0 1 0 9 0 0 1 0 0 0 0 1
9 1 0 0 -11 0 1 0 10 0 0 1 0 0 0 0 1
9 1 0 0 -10 0 1 0 10 0 0 1 0 0 0 0 1
10 1 0 0 -13 0 1 0 3 0 0 1 0 0 0 0 1
10 1 0 0 -9 0 1 0 11 0 0 1 0 0 0 0 1
10 1 0 0 -7 0 1 0 12 0 0 1 0 0 0 0 1
10 1 0 0 -5 0 1 0 13 0 0 1 0 0 0 0 1
11 0.00857683 0.999963 0 -16 -0.999963 0.00857683 0 -2 0 0 1 0 0 0 0 1
11 -0.0125408 0.999921 0 -12 -0.999921 -0.0125408 0 6 0 0 1 0 0 0 0 1
11 -0.0125346 -0.99992 0 -3 0.99992 -0.0125346 0 15 0 0 1 0 0 0 0 1
11 1 0 0 -15 0 1 0 -12 0 0 1 0 0 0 0 1
11 1 0 0 -4 0 1 0 -12 0 0 1 0 0 0 0 1
11 1 0 0 1 0 1 0 -12 0 0 1 0 0 0 0 1
11 1 0 0 9 0 1 0 -12 0 0 1 0 0 0 0 1
11 1 0 0 14 0 1 0 -12 0 0 1 0 0 0 0 1
11 1 0 0 -4 0 1 0 -12 0 0 1.42222 -3 0 0 0 1
11 1 0 0 1 0 1 0 -12 0 0 1.42222 -3 0 0 0 1
11 1 0 0 9 0 1 0 -12 0 0 1.42222 -3 0 0 0 1
11 1 0 0 14 0 1 0 -12 0 0 1.42222 -3 0 0 0 1
11 1 0 0 -15 0 1 0 -12 0 0 1.42222 -3 0 0 0 1
11 -0.99994 0.000464306 -0.0156319 -15 0 0.999109 0.0600254 -12 0.0110012 0.042203 -1.42087 -7 0 0 0 1
11 -0.99994 0.000464306 -0.0156319 14 0 0.999109 0.0600254 -12 0.0110012 0.042203 -1.42087 -7 0 0 0 1
11 -0.99994 0.000464306 -0.0156319 1 0 0.999109 0.0600254 -12 0.0110012 0.042203 -1.42087 -7 0 0 0 1
11 -0.99994 0.000464306 -0.0156319 9 0 0.999109 0.0600254 -12 0.0110012 0.042203 -1.42087 -7 0 0 0 1
11 -0.99994 0.000464306 -0.0156319 -4 0 0.999109 0.0600254 -12 0.0110012 0.042203 -1.42087 -7 0 0 0 1
11 1.86296 0.000464306 -0.0156319 -10 0 0.944444 0.0600254 -12 0.0110012 0.042203 2.10555 -7 0 0 0 1
11 0.945954 0.0126537 -1.66932 6.73791 0.121666 0.968888 0.240181 -12.5997 2.15947 -0.0601309 3.51876 -16.7569 0 0 0 1
11 0.900776 0.686592 0.0348845 -16.4287 0.0819212 3.00278 -0.998444 -9.00809 -1.57441 0.16757 0.1 -8.49722 0 0 0 1
11 2.16138 0 -0.815028 -1.50301 0 1.89722 0 -12.5269 0.694992 0 2.53468 -12.218 0 0 0 1
11 2.16138 0 -0.815028 -10.2629 0 1.89722 0 -12.6325 0.694992 0 2.53468 -13.0625 0 0 0 1
11 2.16138 0 -0.815028 12.7075 0 1.89722 0 -13.0547 0.694992 0 2.53468 -11.6375 0 0 0 1
11 0.1 1.14385 -0.367237 -17.3973 -2.22925 0.337503 0.0515187 -3.89857 0.216047 0.443282 0.928699 -4.32777 0 0 0 1
11 1.61319 -0.262921 -0.468654 13.6051 -0.515186 5.32011 -2.61052 0.569885 2.12241 1.83476 -0.228019 -9.15692 0 0 0 1
11 1.6037 1.38607 0.218822 -16.9392 0.318418 1.16974 -2.63476 4.71295 -2.63558 0.677684 0.1 -6.25415 0 0 0 1
11 1.64806 -1.73258 0.261043 13.8571 -0.0587114 5.04975 -2.63984 -11.0148 2.15706 1.79921 -0.222653 -9.15692 0 0 0 1
11 0.976218 -0.794896 -0.227985 8.04844 -0.570312 5.60726 -2.63006 -9.06593 2.17099 2.54229 -0.278708 -21.2292 0 0 0 1
11 0.976218 -0.794896 -0.227985 7.63355 -0.570312 5.60726 -2.63006 13.0965 2.17099 2.54229 -0.278708 -16.5583 0 0 0 1
11 0.499779 -1.29779 -0.320055 5.10403 -0.338392 5.29283 -2.60488 -6.74646 2.4403 1.71187 0.302222 -32.3917 0 0 0 1
11 1.62057 0.0592638 -0.0469119 14.3637 0.202458 1.26793 -3.19387 10.5126 0.564173 1.58502 0.1 -11.7431 0 0 0 1
11 0.349669 1.79775 0.403027 -11.9189 0.290537 5.41863 -2.47737 -9.53617 -2.47238 0.188128 -0.824254 -31.7848 0 0 0 1
11 3.07407 0 0 -3.45129 0 2.68889 0 -13.5449 0 0 11.157 -36.0472 0 0 0 1
11 1.62222 0 0 -17.4474 0 -0.387631 -3.28492 -2.41571 0 1.31344 -0.969468 -15.2528 0 0 0 1
11 4.0891 0.468333 -0.164109 14.9379 0.117389 1.94723 -3.2231 3.2579 -0.547761 1.20469 0.1 -24.1722 0 0 0 1
11 0.349669 1.79775 0.403027 -13.3293 0.290537 5.41863 -2.47737 -11.3909 -2.47238 0.188128 -0.824254 -19.0917 0 0 0 1
11 0.349669 1.79775 0.403027 -13.0988 0.290537 5.41863 -2.47737 0.0882874 -2.47238 0.188128 -0.824254 -21.5459 0 0 0 1
11 0.30834 -0.881472 1.42673 -14.7914 0.468046 6.04735 -2.065 10.9395 -2.47238 0.188129 0.0999999 -21.5459 0 0 0 1
11 0.832752 0.808716 -1.32654 7.26054 0.363266 6.68267 -2.05894 5.34101 2.39694 -0.363065 0.557536 -30.5973 0 0 0 1
18 -0.022186 0.491882 -1.84987 6.18387 -0.0715508 0.897691 1.01098 6.10099 0.997191 0.0753552 0.0313839 -5.99029 0 0 0 1
18 0.122316 0.497609 -1.82586 6.13963 -0.0715508 0.897691 1.01098 6.18015 0.989909 0.00339949 0.298683 -7.75834 0 0 0 1
18 0.577336 -0.0325013 -0.81586 13.2269 0.063104 0.997995 0.00489793 -2.8655 0.814065 -0.0543118 0.578229 -7.27267 0 0 0 1
18 0.577336 -0.0325013 -0.81586 13.4603 0.063104 0.997995 0.00489793 0.11644 0.814065 -0.0543118 0.578229 -7.27267 0 0 0 1
18 -0.508737 -0.0452457 -2.29331 14.6379 0.568976 1.02578 0.0143073 4.18379 0.930679 -0.642199 0.250545 -6.56017 0 0 0 1
18 1 -5.58794e-009 -1.21072e-008 0.562943 -2.4209e-008 0.994433 0.333341 -6.67338 -5.11174e-010 -0.105358 3.14628 4.64444 0 0 0 1
18 0.0980436 0 -2.28201 5.70745 0 1 0 7.34538 0.995182 0 0.224819 -6.04306 0 0 0 1
18 0.0980436 0 -2.28201 5.73338 0 1 0 7.31898 0.995182 0 0.224819 -7.54723 0 0 0 1
19 2 0 0 7.47408 0 2 0 -10.6111 0 0 1 -0.105553 0 0 0 1
19 2 0 0 -0.299995 0 2 0 -10.4486 0 0 3 -9.60555 0 0 0 1
19 0.868555 5.53869e-009 -0.991187 -1.00868 0 1 2.23517e-008 -8.96722 0.495594 -9.70685e-009 1.73711 -9.14494 0 0 0 1
19 1.19182 -0.0532999 -0.418537 -10.1399 0 1.15032 -0.126328 -3.54501 0.421917 0.114533 1.21604 -12.1125 0 0 0 1
19 1.82963 0 0 -4.55276 0 1.92361 0 -10.572 0 0 1.84444 0.491707 0 0 0 1
19 1.82963 0 0 -2.6861 0 1.92361 0 -10.5984 0 0 1.84444 -0.168015 0 0 0 1
19 1 0 0 -1.13272 0 1 0 -10.8162 0 0 1 0.844452 0 0 0 1
19 1 0 0 -1.1878 0 1 0 -9.7949 0 0 1 0.659729 0 0 0 1
19 1.95714 0 -0.411852 -2.38158 0 2 0 -8.54619 0.411852 0 1.95714 -0.0791626 0 0 0 1
19 0.705185 0 0.30612 -0.950058 0 0.683334 0 -8.96397 -0.226757 0 0.951993 0.448608 0 0 0 1
19 5 0 0 -11.3074 0 4 0 -14.8847 0 0 4 0.422218 0 0 0 1
19 4 0 0 2.41856 0 4 0 -14.7583 0 0 5 0.844444 0 0 0 1
19 4 0 0 7.71812 0 3 0 -15.2331 0 0 3 0.870834 0 0 0 1
3 : Music ID
0
2 : Nr of Lights 
-1.61677 1.35404 -6.38612 0.819258 0.825833 0.683333 6.42113 100.754 0 : LIGHTS
16.0594 3.37533 -19.9236 1 1 0.461667 9.05625 13.9551 0 : LIGHTS
OOOOOOOOOOOOOOXOOOOOXOOOOOOOOOOOOOO
OOOOOOOOOOOOOOXOOOOOXXXXXXXXXXXXXXX
OOOOOOOOOOOOOOXOOOOOOOOOOOOOOOOOOOX
OOOOOOOOOOOOOOXOOOOOOOOOOOOOOOOOOOX
OOOOOOOOOOOXXXXOOOOOOOOOOOOOOOOOOOX
OOOOOOOOOXXXOOOOOOOOOOOOOOOOOOOOOOX
OOOOOOOXXXOOOOOOOOOOOOOOOOOOOOOOOOX
OOOOOOXXOOOOOOOOOOOOOOOOOOOOOOOOOOX
OOOOOXXOOOOOOOOOOOOOOOOOOOOOOOOOOOX
OOOOOXOOOOOOOOOOOOOOOOOOOOOOOOOOOOX
OOOOOXOOOOOOOOOOOOOOOOOOOOOOOOOOOOX
OOOOOXOOOOOOOOOOOOOOOOOOOOOOOOOOOOX
OOOOOXOOOOOOOOOOOOOOOOOOOOOOOOOOOOX
OOOOOXOOOOOOOOOOOOOOOOOOOOOOOOOOOOX
OOOXXXOOOOOOOOOOOOOOOOOOOOOOOOOOOOX
OOOXOOOOOOOOOOOOOOOOOOOOOOOOOOOOOOX
OOXXOOOOOOOOOOOOOOOOOOOOOOOOOOOOOOX
OXXOOOOOOOOOOOOOOOOOOOOOOOOOOOOOOOX
OXOOOOOOOOOOOOOOOOOOOOOOOOOOOOOOOOX
XXOOOOOOOOOOOOOOOOOOOOOOOOOOOOOOOOX
XXOOOOOOOOOOOOOOOOOOOOOOOOOOOOOOOOX
XXOOOOOOOOOOOOOOOOOOOOOOOOOOOOOOOOO
XOOOOOOOOOOOOOOOOOOOOOOOOOOOOOOOOOO
XOOOOOOOOOOOOOOOOOOOOOOOOOOOOOOOOOO
XOOOOOOOOOOOOOOOOXXXOOOOOXXXXOOOOOO
OOOOOOOOOOOOOOXXOXOOOOOOOOOOXOOOOOO
OOOOOOOOOOOOOOXXXXOOOOOOOOOOXOOOOOO
OOOOOOOOOOOOXXXOOXOOOOOOXXOOXXXOOOO
OOOOOOOOOOOOXOOOOXOOOOOOXXOOXOXOOOO
XXXXXOOOOOOXXOOOOXXXXOOOXXXXXOXXXXX
OOOOXXXXXXXOOOOOOOOOXXOOOOOOOOOOOOO
OOOOOOOOOOOOOOOOOOOOOXOXXOOOOOOOOOO
OOOOOOOOOOOOOOOOOOOOOXOXOOOOOOOOOOO
OOOOOOOOOOOOOOOOOOOOOXOXOOOOOOOOOOO
OOOOOOOOOOOOOOOOOOOOOXXXOOOOOOOOOOO
