0 : ChuckTesta
0 : Enemy Count
-1 NO BACKGROUND
-1 NO SHRINE
-1 NO HEALTH PICKUP
20 :  Number of world objects
24 0.1 0 0 -17.499 0 3.0583 0 6.56001 0 0 4.19305 0 0 0 0 1 
27 0.498032 -0.200121 0.154176 5.68098 0.203548 0.744352 0.0466349 -0.414047 -0.141523 -0.00632947 0.609633 4.11667 0 0 0 1 
44 1 0 0 5.42891 0 1 0 0.55394 0 0 1 -4.32779 0 0 0 1 0 0 0 0
45 -0.707746 -1.037 -0.614835 5.63133 0.692253 -0.88409 0.902127 -3.4408 -0.898638 0.13567 1.17917 5.80557 0 0 0 1 
46 0.813365 -0.18192 0.552576 5.7616 0.133353 0.982859 0.12729 -1.28606 -0.566262 -0.0298461 0.823685 3.95833 0 0 0 1 
47 0.719714 0 -0.694272 -3.2625 0.386901 0.830327 0.401079 -0.778397 0.576473 -0.557275 0.597598 -3.66806 0 0 0 1 
48 -2.3661 0 0.445664 -14.8701 0 1.97638 0 1.32729 -0.735491 0 -1.43372 1.92641 0 0 0 1 
48 2.40143 0 0.369833 -14.8701 0 1.97638 0 1.3009 -0.610344 0 1.45513 -1.76805 0 0 0 1 
49 0.578367 -0.440224 0.6868 -6.61638 0 0.841897 0.539638 0.913651 -0.815777 -0.312109 0.486925 -1.55696 0 0 0 1 
49 0.578367 -0.440224 0.6868 -3.58305 0 0.841897 0.539638 1.67892 -0.815777 -0.312109 0.486925 2.42776 0 0 0 1 
50 0.719713 0.216202 0.65975 1.42621 0 0.950276 -0.311408 0.60965 -0.694272 0.224125 0.683926 3.21944 0 0 0 1 
50 0.959074 0.253171 0.126822 4.87436 0.134053 -0.0114489 -0.990908 1.05824 -0.249417 0.967353 -0.0449188 -2.00557 0 0 0 1 
50 0.761494 0.542678 -0.354439 -5.21737 0 0.546829 0.837244 0.171799 0.648173 -0.637556 0.416407 -5.77917 0 0 0 1 
51 0.184999 0.944459 0.271606 5.21613 -0.982736 0.177501 0.0521482 -0.655884 0.00104155 -0.276565 0.960994 3.77362 0 0 0 1 
51 0.747888 -0.404082 -0.52667 -5.3493 0 0.793387 -0.608718 0.040451 0.663825 0.455253 0.593364 4.01112 0 0 0 1 
52 0.890099 -0.124565 -0.438413 -4.39819 0.409111 0.642328 0.648105 0.617035 0.200874 -0.756238 0.622698 -3.69444 0 0 0 1 
53 -0.755142 0 -0.655562 1.85883 -0.480797 0.679784 0.55383 -7.53137 0.445641 0.733412 -0.513334 10.7667 0 0 0 1 
55 0.643976 0.47841 0.597008 7.66853 0 0.780356 -0.625336 -8.71909 -0.765046 0.402701 0.50253 5.40973 0 0 0 1 
56 1 0 0 -13.0052 0 1 0 -2.09401 0 0 1 0 0 0 0 1 
57 1 0 0 -11.0409 0 1 0 -2.04807 0 0 1 1.31944 0 0 0 1 
-1 : Music ID
0 : Nr of Sounds (type, id, pos.x, pos.y, pos.z, distance, loopType, minInverval, maxInterval)
2 : Nr of Lights 
-2.16158 -1.82869 0 1 1 1 2.32711 46.1445 0 : LIGHTS
5.61539 -0.087677 4.11667 1 0.321945 0 1.64098 4.55926 1 : LIGHTS
OOOOOOOOOOOOOOOOOOOOOOOOOOOOOOOOOOO
OOOOOOOOOOOOOOOOOOOOOOOOOOOOOOOOOOO
OOOOOOOOOOOOOOOOOOOOOOOOOOOOOOOOOOO
OOOOOOOOOOOOOOOOOOOOOOOOOOOOOOOOOOO
OOOOOOOOOOOOOOOOOOOOOOOOOOOOOOOOOOO
OOOOOOOOOOOOOOOOOOOOOOOOOOOOOOOOOOO
OOOOOOOOOOOOOOOOOOOOOOOOOOOOOOOOOOO
OOOOOOOOOOOOOOOOOOOOOOOOOOOOOOOOOOO
OOOOOOOOOOOOOOOOOOOOOOOOOOOOOOOOOOO
OOOOOOOOOOOOOOOOOOOOOOOOOOOOOOOOOOO
OOOOOOOOOOOOOOOOOOOOOOOOOOOOOOOOOOO
OOOOOOOOOOOOOOOOOOOOOOOOOOOOOOOOOOO
OOOOOOOOOOOOOOOOOOOOOOOOOOOOOOOOOOO
OOOOOOOOOOOOOOOOOOOOOOOOOOOOOOOOOOO
OOOOOOOOOOOOOOOOOOOOOOOOOOOOOOOOOOO
OOOOOOOOOOOOOOOOOOOOOOOOOOOOOOOOOOO
OOOOOOOOOOOOOOOOOOOOOOOOOOOOOOOOOOO
OOOOOOOOOOOOOOOOOOOOOOOOOOOOOOOOOOO
OOOOOOOOOOOOOOOOOOOOOOOOOOOOOOOOOOO
OOOOOOOOOOOOOOOOOOOOOOOOOOOOOOOOOOO
OOOOOOOOOOOOOOOOOOOOOOOOOOOOOOOOOOO
OOOOOOOOOOOOOOOOOOOOOOOOOOOOOOOOOOO
OOOOOOOOOOOOOOOOOOOOOOOOOOOOOOOOOOO
OOOOOOOOOOOOOOOOOOOOOOOOOOOOOOOOOOO
OOOOOOOOOOOOOOOOOOOOOOOOOOOOOOOOOOO
OOOOOOOOOOOOOOOOOOOOOOOOOOOOOOOOOOO
OOOOOOOOOOOOOOOOOOOOOOOOOOOOOOOOOOO
OOOOOOOOOOOOOOOOOOOOOOOOOOOOOOOOOOO
OOOOOOOOOOOOOOOOOOOOOOOOOOOOOOOOOOO
OOOOOOOOOOOOOOOOOOOOOOOOOOOOOOOOOOO
OOOOOOOOOOOOOOOOOOOOOOOOOOOOOOOOOOO
OOOOOOOOOOOOOOOOOOOOOOOOOOOOOOOOOOO
OOOOOOOOOOOOOOOOOOOOOOOOOOOOOOOOOOO
OOOOOOOOOOOOOOOOOOOOOOOOOOOOOOOOOOO
OOOOOOOOOOOOOOOOOOOOOOOOOOOOOOOOOOO
