0 : ChuckTesta
3 : Enemy Count
Bat 2 -12
Flame -4 -1
Flame 6 -11
2 0 0 -3 :  BACKGROUND!
-1 NO SHRINE
-1
135 :  Number of world objects
0 4 0 0 6 0 2 0 -15 0 0 1.7625 0 0 0 0 1
0 4 0 0 7 0 2 0 -13 0 0 2 0 0 0 0 1
0 4.29259 0 0 -14.0841 0 14.0625 0 -1.70444 0 0 1 2.1375 0 0 0 1
0 4.1889 0 0 -13.3768 0 4.325 0 5.54409 0 0 1.97639 0 0 0 0 1
0 4.1889 0 0 -12.4694 0 4.325 0 6.62604 0 0 1.97639 0 0 0 0 1
0 8.93334 0 0 -9.9397 0 8.07222 0 9.36214 0 0 1.97639 0 0 0 0 1
0 8.88149 0 0 -2.8952 0 8.6 0 12.1538 0 0 1.97639 0 0 0 0 1
0 1.72592 0 0 1.70512 0 5.64444 0 12.9455 0 0 1 0 0 0 0 1
0 3.35927 0 0 3.04961 0 2.45139 0 11.626 0 0 1 0 0 0 0 1
0 7.84445 0 0 -2.27617 0 1.44861 0 8.14268 0 0 1 0 0 0 0 1
0 5.53703 0 0 10.6946 0 1.52778 0 8.21352 0 0 1 0 0 0 0 1
0 4.55185 0 0 12.4057 0 2.37222 0 9.48019 0 0 1 0 0 0 0 1
0 9.03705 0 0 15.4353 0 2.6625 0 10.6149 0 0 1 0 0 0 0 1
0 7.14445 0 0 4.69807 0 1.36944 0 1.89134 0 0 1 0 0 0 0 1
0 5.66666 0 0 4.39063 0 1.89722 0 1.31079 0 0 1 0 0 0 0 1
0 4.52592 0 0 8.51289 0 5.75001 0 0.00247192 0 0 1 0 0 0 0 1
0 2.29631 0 0 5.48326 0 1.42222 0 -0.143341 0 0 1 0 0 0 0 1
0 10.6963 0 0 14.5428 0 7.46528 0 -2.05443 0 0 1 0 0 0 0 1
0 3.74815 0 0 -13.3246 0 3.82361 0 -9.15433 0 0 1 0 0 0 0 1
0 10.437 0 0 -9.4319 0 5.11667 0 -11.1168 0 0 1 0 0 0 0 1
0 1 0 0 -6.34673 0 1 0 -11.9612 0 0 1 0 0 0 0 1
0 3.38518 0 0 -3.96509 0 3.16389 0 -11.0224 0 0 1 0 0 0 0 1
0 1.93333 0 0 -2.30586 0 2.6625 0 -11.6557 0 0 1 -0.0263863 0 0 0 1
0 3.48889 0 0 10.6797 0 6.06667 0 -8.9307 0 0 1 0 0 0 0 1
0 6.10741 0 0 10.7057 0 5.30139 0 -14.1195 0 0 1 -0.0263901 0 0 0 1
0 4.47408 0 0 -7.68007 0 3.87639 0 -15.6514 0 0 1 0 0 0 0 1
0 4.5 0 0 -9.29492 0 2.55695 0 -17.2639 0 0 1 0 0 0 0 1
5 1.33704 0 0 -2.6956 0 1.02639 0 -2.65609 0 0 1 0 0 0 0 1
5 1 0 0 -4.01784 0 1 0 -2.54634 0 0 1 -0.633331 0 0 0 1
5 1 0 0 -3.7901 0 1 0 -2.51545 0 0 1 -1.55695 0 0 0 1
5 1 0 0 -3.7901 0 1 0 -2.4099 0 0 1 -0.844452 0 0 0 1
5 1 0 0 -3.40121 0 1 0 -2.48907 0 0 1 -0.131947 0 0 0 1
5 1 0 0 -2.9864 0 1 0 -2.4099 0 0 1 -0.131947 0 0 0 1
5 1 0 0 -2.9864 0 1 0 -2.22518 0 0 1 -0.474998 0 0 0 1
5 1 0 0 -3.06784 0 0.67978 -0.733416 -2.33073 0 0.733416 0.67978 0.211111 0 0 0 1
5 1 0 0 -2.91469 0 0.598725 0.800955 -1.8742 0 -0.800955 0.598725 -0.395836 0 0 0 1
5 1 0 0 -3.10155 0 0.598725 0.800955 -1.90058 0 -0.800955 0.598725 -0.0791702 0 0 0 1
5 0.906639 0 -0.421906 -4.89284 0 1 0 -2.43948 0.421906 0 0.906639 -2.45417 0 0 0 1
5 -0.0676652 0 -0.997708 -5.54097 -0.878363 0.474266 0.0595712 -1.2256 0.473179 0.880381 -0.0320913 -4.53888 0 0 0 1
5 1 0 0 -3.83151 0 0.806058 -0.591836 -2.09236 0 0.591836 0.806058 0.369442 0 0 0 1
6 -0.99994 0 0.0109949 8.23596 0 1 0 6.3821 -0.0109949 0 -0.99994 -1.31944 0 0 0 1
6 -0.99994 0 0.0109949 10.6989 0 1 0 6.35571 -0.0109949 0 -0.99994 -1.31944 0 0 0 1
6 -0.150118 0 -0.988668 -11.0529 0 1 0 -4.97141 0.988668 0 -0.150118 1.02917 0 0 0 1
6 0.378865 0 -0.925452 -11.053 0 1 0 -4.91864 0.925452 0 0.378865 -0.923607 0 0 0 1
7 1 0 0 16.1693 0 1 0 8.49322 0 0 1 1.05556 0 0 0 1
7 -0.0114667 0 -0.999934 -7.06932 0 1 0 -3.09147 0.999934 0 -0.0114667 1.08194 0 0 0 1
7 0.000459556 0 0.999999 -2.03969 0 1 0 -3.09007 -0.999999 0 0.000459556 1.08194 0 0 0 1
7 0.000459556 0 0.999999 -2.03969 0 1 0 0.947456 -0.999999 0 0.000459556 1.08194 0 0 0 1
7 -0.0114546 0 -0.999934 -7.07672 0 1 0 0.947456 0.999934 0 -0.0114546 1.08194 0 0 0 1
7 -0.0114546 0 -0.999934 -7.07672 0 1 0 0.947456 0.999934 0 -0.0114546 -3.37778 0 0 0 1
7 -0.0114546 0 -0.999934 -7.06071 0 1 0 -2.89271 0.999934 0 -0.0114546 -3.24584 0 0 0 1
7 0.0431765 0 0.999067 -1.87918 0 1 0 -2.85654 -0.999067 0 0.0431765 -3.1139 0 0 0 1
7 0.0431765 0 0.999067 -1.87918 0 1 0 0.97678 -0.999067 0 0.0431765 -3.24584 0 0 0 1
7 1 0 0 -1.83575 0 1 0 -7.93059 0 0 1 -3.11389 0 0 0 1
7 1 0 0 5.57907 0 1 0 -8.08892 0 0 1 -3.11389 0 0 0 1
8 0.155683 -0.987802 -0.00322928 -1.64554 0.987589 0.155716 -0.0204853 -7.09658 0.0207383 0 0.999785 -5.51528 0 0 0 1
8 0.155683 -0.987802 -0.00322928 -0.504807 0.987589 0.155716 -0.0204853 -7.14936 0.0207383 0 0.999785 -5.51528 0 0 0 1
8 0.155683 -0.987802 -0.00322928 0.661865 0.987589 0.155716 -0.0204853 -7.14936 0.0207383 0 0.999785 -5.51528 0 0 0 1
8 0.155683 -0.987802 -0.00322928 -1.1678 0.987589 0.155716 -0.0204853 -6.43686 0.0207383 0 0.999785 -5.51528 0 0 0 1
8 0.155683 -0.987802 -0.00322928 -0.0789185 0.987589 0.155716 -0.0204853 -6.48964 0.0207383 0 0.999785 -5.51528 0 0 0 1
8 0.155683 -0.987802 -0.00322928 2.7137 0.987589 0.155716 -0.0204853 -7.22853 0.0207383 0 0.999785 -5.51528 0 0 0 1
8 1 0 0 4.49588 0 1 0 -7.36875 0 0 1 -3.95833 0 0 0 1
8 1 0 0 -2.86346 0 1 0 5.94375 0 0 1 0 0 0 0 1
9 1 0 0 15 0 1 0 8 0 0 1 0 0 0 0 1
9 1 0 0 14 0 1 0 8 0 0 1 0 0 0 0 1
9 1 0 0 6 0 1 0 6 0 0 1 0 0 0 0 1
9 1 0 0 7 0 1 0 6 0 0 1 0 0 0 0 1
9 1 0 0 -11 0 1 0 3 0 0 1 0 0 0 0 1
9 1 0 0 -10 0 1 0 5 0 0 1 0 0 0 0 1
9 1 0 0 2 0 1 0 1 0 0 1 0 0 0 0 1
9 1 0 0 4 0 1 0 -1 0 0 1 0 0 0 0 1
9 1 0 0 5 0 1 0 -2 0 0 1 0 0 0 0 1
9 1 0 0 5 0 1 0 -1 0 0 1 0 0 0 0 1
9 1 0 0 6 0 1 0 -2 0 0 1 0 0 0 0 1
9 1 0 0 3 0 1 0 -16 0 0 1 0 0 0 0 1
9 1 0 0 -11 0 1 0 4 0 0 1 0 0 0 0 1
9 1 0 0 -10 0 1 0 4 0 0 1 0 0 0 0 1
9 1 0 0 -5 0 1 0 -17 0 0 1 0 0 0 0 1
9 1 0 0 -4 0 1 0 -14 0 0 1 0 0 0 0 1
9 1 0 0 -1 0 1 0 -10 0 0 1 0 0 0 0 1
9 1 0 0 -2 0 1 0 -10 0 0 1 0 0 0 0 1
9 1 0 0 0 0 1 0 17 0 0 1 0 0 0 0 1
9 1 0 0 5 0 1 0 12 0 0 1 0 0 0 0 1
9 1 0 0 5 0 1 0 11 0 0 1 0 0 0 0 1
9 1 0 0 8 0 1 0 8 0 0 1 0 0 0 0 1
9 1 0 0 10 0 1 0 10 0 0 1 0 0 0 0 1
9 1 0 0 10 0 1 0 11 0 0 1 0 0 0 0 1
9 1 0 0 11 0 1 0 11 0 0 1 0 0 0 0 1
9 1 0 0 11 0 1 0 12 0 0 1 0 0 0 0 1
9 1 0 0 11 0 1 0 16 0 0 1 0 0 0 0 1
9 1 0 0 11 0 1 0 17 0 0 1 0 0 0 0 1
9 1 0 0 -5 0 1 0 6 0 0 1 0 0 0 0 1
9 1 0 0 -12 0 1 0 -7 0 0 1 0 0 0 0 1
10 1 0 0 16 0 1 0 9 0 0 1 0 0 0 0 1
10 1 0 0 8 0 1 0 7 0 0 1 0 0 0 0 1
10 1 0 0 -10 0 1 0 -8 0 0 1 0 0 0 0 1
10 -0.0125375 0.999921 0 1 -0.999921 -0.0125375 0 2 0 0 1 0 0 0 0 1
10 1 0 0 3 0 1 0 0 0 0 1 0 0 0 0 1
10 1 0 0 7 0 1 0 -3 0 0 1 0 0 0 0 1
10 1 0 0 7 0 1 0 -12 0 0 1 0 0 0 0 1
10 0.0507764 -0.99871 0 5 0.99871 0.0507764 0 -13 0 0 1 0 0 0 0 1
10 0.0507764 -0.99871 0 4 0.99871 0.0507764 0 -15 0 0 1 0 0 0 0 1
10 1 0 0 -4 0 1 0 7 0 0 1 0 0 0 0 1
10 1 0 0 -3 0 1 0 -13 0 0 1 0 0 0 0 1
10 -0.0125347 0.999921 0 -5 -0.999921 -0.0125347 0 -15 0 0 1 0 0 0 0 1
10 -0.0125347 0.999921 0 -1 -0.999921 -0.0125347 0 -12 0 0 1 0 0 0 0 1
10 1 0 0 -3 0 1 0 -9 0 0 1 0 0 0 0 1
10 1 0 0 1 0 1 0 16 0 0 1 0 0 0 0 1
10 1 0 0 4 0 1 0 13 0 0 1 0 0 0 0 1
10 0.00857406 -0.99974 -0.0211082 3 0.999963 0.00857204 0.000180984 15 0 -0.021109 0.999777 0 0 0 0 1
10 1 0 0 4 0 1 0 10 0 0 1 0 0 0 0 1
10 1 0 0 9 0 1 0 9 0 0 1 0 0 0 0 1
10 -0.0125362 0.999922 0 2 -0.999922 -0.0125362 0 9 0 0 1 0 0 0 0 1
11 1 0 0 12 0 1 0 7 0 0 1 0 0 0 0 1
11 1 0 0 13 0 1 0 2 0 0 1 0 0 0 0 1
11 1 0 0 9 0 1 0 3 0 0 1 0 0 0 0 1
11 1 0 0 4 0 1 0 3 0 0 1 0 0 0 0 1
11 -0.0125375 -0.999921 0 9 0.999921 -0.0125375 0 -5 0 0 1 0 0 0 0 1
11 -0.0125375 -0.999921 0 9 0.999921 -0.0125375 0 -10 0 0 1 0 0 0 0 1
11 1 0 0 -6 0 1 0 -8 0 0 1 0 0 0 0 1
11 1 0 0 -7 0 1 0 5 0 0 1 0 0 0 0 1
11 1 0 0 0 0 1 0 7 0 0 1 0 0 0 0 1
11 0.00857415 -0.999963 0 12 0.999963 0.00857415 0 14 0 0 1 0 0 0 0 1
11 0.00857415 -0.999963 0 -12 0.999963 0.00857415 0 1 0 0 1 0 0 0 0 1
11 0.00857415 -0.999963 0 -12 0.999963 0.00857415 0 -4 0 0 1 0 0 0 0 1
12 1 0 0 17 0 1 0 3 0 0 1 0 0 0 0 1
18 2.96918 0 0.76927 -2.89125 0 0.472221 0 1.33514 -0.689381 0 3.31326 -1.79445 0 0 0 1
18 4.6037 0 0 -5.71492 0 0.498611 0 1.36887 0 0 3.05833 -1.92639 0 0 0 1
18 3.0475 0 -0.0590464 -5.55258 -0.00266815 0.0999109 -0.120151 -2.67743 0.0631571 0.00422085 2.84407 -1.7727 0 0 0 1
18 3.03767 0.000436913 0.229108 -3.38725 -0.00266815 0.1 -0.120151 -2.65518 -0.252638 0.00419818 2.9138 -1.7727 0 0 0 1
18 3.12593 0 0 -9.53349 0 0.656944 0 -4.80784 0 0 2.425 -1.26667 0 0 0 1
18 -0.17639 0.00662626 -4.20884 1.95709 0.00372451 0.313815 0.0888705 -7.61681 2.60142 0 -0.285509 -5.44025 0 0 0 1
18 -0.17639 0.00662626 -4.20884 1.94814 0.00372451 0.313815 0.0888705 -7.73889 2.60142 0 -0.285509 -3.8833 0 0 0 1
19 2.01111 0 0 -10.552 0 1.95 0 -3.71891 0 0 1 0 0 0 0 1
20 1.10037 0 -0.226163 -10.9597 0 1.2375 0 -2.20026 0.255483 0 0.97409 -0.263889 0 0 0 1
1 : Music ID
0 : Nr of Sounds (type, id, pos.x, pos.y, pos.z, distance, loopType, minInverval, maxInterval)
3 : Nr of Lights 
-3.04301 6.16145 0 0.808148 0.720278 0.451112 1.95764 51.6407 0 : LIGHTS
-2.86415 5.96316 0 1 0.292779 0 3.06597 8.55185 2 : LIGHTS
4.46436 -7.42062 -3.98473 0.4763 0.168889 0.00527802 3 5 1 : LIGHTS
OOOOOOOOOOOOOOOOOXOOOOOOOOOOXOOOOOO
OOOOOOOOOOOOOOOOOXXXXOOOOOOOXXOOOOO
OOOOOOOOOOOOOOOOOOOOXOOOOOOOOXOOOOO
OOOOOOOOOOOOOOOOOOOOXOOOOOOOOXOOOOO
OOOOOOOOOOOOOOOOOOOOXXXOOOOOOXOOOOO
OOOOOOOOOOOOOOOOOOOOOOXOOOOOXXOOOOO
OOOOOOOOOOOOOOOOOOOOOOXOOOOXXOOOOOO
OOOOOOOOOOOOOOOOOOOXXXXOOOOXOOOOOOO
OOOOOOOOOOOOOOOOOOOXOOOOOXXXOOOOXXX
OOOOOOOOOOOOOOOOOOOXOOOOOXOOOOOXXOO
OOOOOOOOOOOOXXXXXXXXOOOOXXXXXXXXOOO
OOOOOOOOOOOOXOXOOOOOOOOXXOOOOOOOOOO
OOOOOOOXXXXXXOOOOOOOOOOOOOOOOOOOOOO
OOOOOOXXOOOOOOOOOOOOOOOOOOOOOOOOOXX
OOOOOXXOOOOOOOOOOOXXXXXXXXXXXOOOOXO
OOOOOXOOOOOOOOOOOOXOOOOOOOOOXXXXXXO
OOOOOXOOOOXXXOXXOOXXOOOOOOOOOOOOOOO
OOOOOXOOOOOOOOOOOOOXXXOOOOOOOOOOOOO
OOOOOXOOOOOOOOOOOOOOOXXOOOOOOOOOOOO
OOOOOXXOOOOOXXXXOOOOOOXXOOOOOOOOOOO
OOOOOOXXOOOXXXXXXOOOOOOXXXXOOOOOOOO
OOOOOOOXOOOOOOOOOOOOOOOOOOXOOOOOOOO
OOOOOOOXXOOOOOOOOOOOOOOOOOXOOOOOOOO
OOOOOOOOXOOOOOOOOOOOOOOOOOXOOOOOOOO
OOOOOOOOXOOOOOOOOOOOOOOOOOXOOOOOOOO
OOOOOOOOXXXXXXOOOOOOOOOOOOXOOOOOOOO
OOOOOOOOOOOOOXXXOOOOOOOOOOXOOOOOOOO
OOOOOOOOOOOOOOOXXOOOOOOOOOXOOOOOOOO
OOOOOOOOOOOOOOOOXOOOOOOOOOXOOOOOOOO
OOOOOOOOOOOOOOOOXOOOOOXXXXXOOOOOOOO
OOOOOOOOOOOOOXXXXOOOOOXOOOOOOOOOOOO
OOOOOOOOOOOOXXOOOOOOOXXOOOOOOOOOOOO
OOOOOOOOOOOOXOOOOOOOOXOOOOOOOOOOOOO
OOOOOOOOOOOOXOOOOOOOXXOOOOOOOOOOOOO
OOOOOOOOOOOOXOOOOOOOXOOOOOOOOOOOOOO
