0 : ChuckTesta
6 : Enemy Count
Bat 3 5
Bat -6 8
Bat 0 7
Bat 2 -12
Bat 5 -8
Cube -11 -3
2 0 0 -3 :  BACKGROUND!
-1 NO SHRINE
0 1 10
153 :  Number of world objects
0 6 0 0 12 0 7 0 -13 0 0 2 0 0 0 0 1 
0 3 0 0 16 0 9 0 3 0 0 3 0 0 0 0 1 
0 1 0 0 10 0 1 0 -9 0 0 1 0 0 0 0 1 
0 5 0 0 13 0 6 0 -8 0 0 2 0 0 0 0 1 
0 5 0 0 13.4148 0 1 0 -4.62223 0 0 2 0 0 0 0 1 
0 3 0 0 15 0 3 0 -3 0 0 2 0 0 0 0 1 
0 2 0 0 12.9753 0 2 0 -3.87775 0 0 2 0 0 0 0 1 
0 7 0 0 9.97408 0 3 0 -16.1847 0 0 2 -0.0527802 0 0 0 1 
0 4.55186 0 0 13.4617 0 4.45694 0 10.3492 0 0 1 0 0 0 0 1 
0 4.55186 0 0 12.3728 0 4.45694 0 11.6422 0 0 1 0 0 0 0 1 
0 1.25926 0 0 9.86526 0 1.02639 0 11.077 0 0 1 0 0 0 0 1 
0 4.55186 0 0 15.6135 0 4.45694 0 9.26724 0 0 1 0 0 0 0 1 
0 3 0 0 -10 0 3 0 -17 0 0 2 0 0 0 0 1 
0 13.0037 0 0 -16.4535 0 5.77639 0 12.9899 0 0 1 0 0 0 0 1 
0 1.33704 0 0 -14.9052 0 6.51528 0 -2.67253 0 0 1 0 0 0 0 1 
0 4.37036 0 0 -6.35005 0 3.92917 0 14.5019 0 0 1 -4.33332 0 0 0 1 
0 4.37036 0 0 -8.39819 0 3.92917 0 13.3936 0 0 1 0 0 0 0 1 
0 7.63702 0 0 -9.28519 0 4.21944 0 -7.34621 0 0 1 0 0 0 0 1 
0 4.16296 0 0 -6.55557 0 1.18472 0 -4.82545 0 0 1 0 0 0 0 1 
0 7.11853 0 0 -16.6966 0 9.99861 0 -12.4059 0 0 1 0 0 0 0 1 
0 3.82593 0 0 -13.1076 0 2.34583 0 -16.4767 0 0 1 0 0 0 0 1 
2 1 0 0 6.07022 0 1 0 -3.49699 0 0 1 0.158333 0 0 0 1 
2 1 0 0 6.77022 0 1 0 -2.96921 0 0 1 0.158333 0 0 0 1 
2 0.844452 0 0 6.56282 0 0.604168 0 -3.04837 0 0 1.39583 0.633331 0 0 0 1 
2 1 0 0 6.47749 0 1 0 -3.23729 0 0 1 -0.290279 0 0 0 1 
2 1.75186 0 0 -11.0268 0 1.84445 0 -10.9828 0 0 1.55416 4.40694 0 0 0 1 
2 1.02592 0 0 -10.249 0 0.973614 0 -10.8772 0 0 1 5.19862 0 0 0 1 
3 1 0 0 0.38501 0 1 0 0.529289 0 0 1 0 0 0 0 1 
3 2.00723 0.140534 -0.00869266 -0.418701 0 -0.171803 -1.83914 0.766788 -0.12505 2.25577 -0.13953 -1.10833 0 0 0 1 
3 1 0 0 -0.200241 0 1 0 1.95429 0 0 1 -0.844448 0 0 0 1 
3 -0.507594 -0.503948 -0.698845 0.473831 -0.861596 0.296892 0.411712 2.0404 0 0.811105 -0.5849 -1.87361 0 0 0 1 
3 1.09713 0.0111223 -3.2971 1.22195 -1.37816 1.39271 -1.41194 3.61956 1.26153 1.5118 1.32497 -1.02917 0 0 0 1 
3 0.64068 -1.21113 -0.324494 0.0775604 0 0.345458 -1.53495 2.7029 1.0841 0.715751 0.191769 -2.375 0 0 0 1 
3 1.5963 0 0 -0.244659 0 -1.34172 0.806104 4.30151 0 -0.976973 -1.10706 -1.71528 0 0 0 1 
3 -0.440245 -0.612964 0.656095 -0.607681 -0.897878 0.300547 -0.321694 1.81681 0 -0.730717 -0.682681 -2.1375 0 0 0 1 
3 1.30187 -0.570564 -0.385755 4.87386 -0.054999 -0.803924 1.1652 0.81028 -0.779761 -0.895896 -0.726232 0.527775 0 0 0 1 
3 1.35027 -0.0479537 -0.544836 3.78497 -0.132481 -1.04702 -0.941148 0.704723 -0.0697588 0.524847 -0.57784 0.976387 0 0 0 1 
3 1 0 0 4.71831 0 1 0 1.52278 0 0 1 0.448608 0 0 0 1 
3 0.543561 0.779645 0.310958 4.04424 -0.0229634 -0.356515 0.934007 1.7075 0.839055 -0.514831 -0.175884 0.949997 0 0 0 1 
3 2.65926 0 0 4.28769 0 2.0974 -0.351235 2.68388 0 0.351235 1.80712 0.395836 0 0 0 1 
3 0.0536946 1.25087 -0.83563 2.71449 0 0.780326 1.34126 3.32268 1.49162 -0.0450284 0.0300805 0 0 0 0 1 
3 2.76297 0 0 0.234756 0 1.63056 0.997416 4.67128 0 -0.997416 0.1 -0.527777 0 0 0 1 
3 0.238271 -0.451876 0.859671 5.2782 0.970313 0.148555 -0.19085 2.86175 -0.0414676 0.879624 0.473858 -0.686111 0 0 0 1 
3 1 0 0 0.0825043 0 -0.930127 0.367238 1.84454 0 -0.367238 -0.930127 0 0 0 0 1 
3 1.44073 0 0 -0.276657 0 1.65972 0 0.683426 0 0 0.868057 0.448612 0 0 0 1 
3 -0.200293 -0.911491 1.64152 2.11955 -1.68816 0.108145 -0.19476 2.87371 0 -0.634568 -1.19523 0.686108 0 0 0 1 
3 1.6412 -1.47978 -0.368555 0.408371 -0.866049 -1.93004 0.857021 3.61397 -0.959119 -0.789387 -1.40451 -0.073597 0 0 0 1 
3 -0.61237 0.788782 0.0531628 -0.359558 0.790571 0.610984 0.0411795 4.52512 0 0.067246 -0.997736 0.0263901 0 0 0 1 
3 -0.330984 0.590085 -0.736376 0.936768 0 0.78036 0.625331 4.89456 0.943636 0.206974 -0.258286 -0.184721 0 0 0 1 
3 0.116968 0.829132 -0.54668 0.214539 -0.825643 -0.224733 -0.517502 4.89456 -0.551935 0.511893 0.658281 0.211111 0 0 0 1 
3 0.132968 0.376459 0.924504 -0.693085 -0.203585 -0.490074 0.697298 5.0008 0.672183 -0.222899 0.0283101 0.026392 0 0 0 1 
3 0.481491 0 0 -2.39871 0 0.337499 0 -2.42972 0 0 0.181946 -0.923615 0 0 0 1 
3 1.88547 2.82812 0.0984838 -2.83662 2.52232 -2.11719 0.0585987 2.52205 0.1307 0.0605347 -2.55159 -5.06248 0 0 0 1 
3 1.96098 1.38001 -1.34889 -4.50711 0 2.18448 1.62783 4.77492 2.05533 -1.31666 1.28696 -5.30417 0 0 0 1 
3 5.20522 0.386225 0.163653 -7.81079 0 2.21111 1.98028 -3.68759 0.859463 -1.66339 0.1 -2.66528 0 0 0 1 
3 3.70152 0.386225 0.163653 -4.41449 0 -0.623947 1.98028 -3.4237 0.859463 -1.66339 -0.704817 -2.66528 0 0 0 1 
3 1.64815 0 0 -6.43781 0 1.60694 0 -14.4147 0 0 1.79167 -2.6125 0 0 0 1 
4 0.994434 0.105346 -0.00180665 -12.8513 0.105361 -0.994288 0.0170518 -3.93619 0 -0.0171472 -0.999853 0.554165 0 0 0 1 
5 -0.0617229 0.409789 0.910089 4.11256 0.0277285 0.91218 -0.40885 1.22581 -0.997708 0 -0.0676652 2.11111 0 0 0 1 
5 0.467919 -0.124999 0.874886 2.12196 0.0751846 0.991988 0.101518 -15.0288 -0.880568 0.0182757 0.473568 7.07222 0 0 0 1 
5 0.590387 -0.126328 0.797172 5.12938 0.0751846 0.991988 0.101518 -14.5538 -0.803611 0 0.595155 1.84722 0 0 0 1 
5 0.590387 -0.126328 0.797172 8.57753 0.0751846 0.991988 0.101518 -14.1052 -0.803611 0 0.595155 -2.87639 0 0 0 1 
5 0.590387 -0.126328 0.797172 10.3923 0.0751846 0.991988 0.101518 -13.9205 -0.803611 0 0.595155 -5.35695 0 0 0 1 
5 0.590387 -0.126328 0.797172 6.8405 0.0751846 0.991988 0.101518 -14.3427 -0.803611 0 0.595155 -0.527779 0 0 0 1 
5 0.467919 -0.124999 0.874886 3.52197 0.0751846 0.991988 0.101518 -14.7913 -0.880568 0.0182757 0.473568 4.43333 0 0 0 1 
5 0.467919 -0.124999 0.874886 0.721985 0.112282 0.990332 0.0814403 -15.3191 -0.876609 0.0601267 0.47743 9.71111 0 0 0 1 
6 0.700107 0.705976 0.10699 1.08818 -0.514039 0.602319 -0.610717 2.25052 -0.495593 0.37257 0.784588 1.60972 0 0 0 1 
6 -0.191186 -0.140474 -0.971449 -1.12711 -0.831702 0.54878 0.0843283 4.8604 0.521266 0.82408 -0.221752 0.475 0 0 0 1 
7 0.115503 0 0.918072 8.01085 0 1.73889 0 -9.93748 -1.48812 0 0.0712578 0.463875 0 0 0 1 
7 0.367751 0.0176496 0.929757 15.0593 -0.0172631 0.999777 -0.0121506 4.13207 -0.929764 -0.0115821 0.367974 -0.765278 0 0 0 1 
7 1 0 0 -16.9266 0 1 0 8.49321 0 0 1 1.1875 0 0 0 1 
8 1 0 0 11.9372 0 1 0 3.31401 0 0 1 -2.24306 0 0 0 1 
8 0.882704 0.469245 -0.0253548 -2.02843 -0.465797 0.880805 0.0849418 -2.0506 0.0621913 -0.0631683 0.996063 -1.1875 0 0 0 1 
8 1 0 0 3.00739 0 1 0 -7.36596 0 0 1 -0.686111 0 0 0 1 
9 1 0 0 -8 0 1 0 -17 0 0 1 0 0 0 0 1 
9 1 0 0 -8 0 1 0 -16 0 0 1 0 0 0 0 1 
9 1 0 0 -7 0 1 0 -16 0 0 1 0 0 0 0 1 
9 1 0 0 13 0 1 0 7 0 0 1 0 0 0 0 1 
9 1 0 0 0 0 1 0 -14 0 0 1 0 0 0 0 1 
9 1 0 0 11 0 1 0 9 0 0 1 0 0 0 0 1 
9 1 0 0 -14 0 1 0 -5 0 0 1 0 0 0 0 1 
9 1 0 0 -16 0 1 0 2 0 0 1 0 0 0 0 1 
9 1 0 0 -15 0 1 0 10 0 0 1 0 0 0 0 1 
9 1 0 0 9 0 1 0 -9 0 0 1 0 0 0 0 1 
9 1 0 0 9 0 1 0 -8 0 0 1 0 0 0 0 1 
9 1 0 0 10 0 1 0 -8 0 0 1 0 0 0 0 1 
9 1 0 0 11 0 1 0 -5 0 0 1 0 0 0 0 1 
9 1 0 0 11 0 1 0 -4 0 0 1 0 0 0 0 1 
9 1 0 0 12 0 1 0 -4 0 0 1 0 0 0 0 1 
9 1 0 0 12 0 1 0 -3 0 0 1 0 0 0 0 1 
9 1 0 0 13 0 1 0 -3 0 0 1 0 0 0 0 1 
9 1 0 0 13 0 1 0 -2 0 0 1 0 0 0 0 1 
9 1 0 0 -6 0 1 0 12 0 0 1 0 0 0 0 1 
9 1 0 0 9 0 1 0 11 0 0 1 0 0 0 0 1 
9 1 0 0 -5 0 1 0 12 0 0 1 0 0 0 0 1 
9 1 0 0 9 0 1 0 10 0 0 1 0 0 0 0 1 
9 1 0 0 10 0 1 0 10 0 0 1 0 0 0 0 1 
9 1 0 0 10 0 1 0 9 0 0 1 0 0 0 0 1 
9 1 0 0 -14 0 1 0 1 0 0 1 0 0 0 0 1 
9 1 0 0 -15 0 1 0 1.05278 0 0 1 0 0 0 0 1 
9 1 0 0 -15 0 1 0 2 0 0 1 0 0 0 0 1 
10 1 0 0 12 0 1 0 8 0 0 1 0 0 0 0 1 
10 1 0 0 -6 0 1 0 -15 0 0 1 0 0 0 0 1 
10 -0.0125378 0.999921 0 6 -0.999921 -0.0125378 0 -16 0 0 1 0 0 0 0 1 
10 0.0085769 0.99974 -0.0211097 10 -0.999963 0.00857502 -0.000181061 -6 0 0.0211105 0.999777 0 0 0 0 1 
10 1 0 0 -4 0 1 0 13 0 0 1 0 0 0 0 1 
10 -0.0125378 -0.999922 0 5 0.999922 -0.0125378 0 -4 0 0 1 0 0 0 0 1 
10 1 0 0 -16 0 1 0 9 0 0 1 0 0 0 0 1 
10 1 0 0 8 0 1 0 -15 0 0 1 0 0 0 0 1 
10 1 0 0 -3 0 1 0 -7 0 0 1 0 0 0 0 1 
11 -0.0147317 0.999891 0 14 -0.999891 -0.0147317 0 0 0 0 1 0 0 0 0 1 
11 1 0 0 -2 0 1 0 -6 0 0 1 0 0 0 0 1 
11 1 0 0 3 0 1 0 -6 0 0 1 0 0 0 0 1 
11 1 0 0 -8 0 1 0 11 0 0 1 0 0 0 0 1 
11 1 0 0 -12 0 1 0 10 0 0 1 0 0 0 0 1 
11 1 0 0 -7 0 1 0 -4 0 0 1 0 0 0 0 1 
11 0.0507729 -0.99871 0 9 0.99871 0.0507729 0 -12 0 0 1 0 0 0 0 1 
11 0.0063798 0.99998 0 14 -0.99998 0.0063798 0 5 0 0 1 0 0 0 0 1 
11 -0.0125377 0.999921 0 -14 -0.999921 -0.0125377 0 -2 0 0 1 0 0 0 0 1 
11 1 0 0 6 0 1 0 11 0 0 1 0 0 0 0 1 
11 1 0 0 -11 0 1 0 -5 0 0 1 0 0 0 0 1 
11 1 0 0 -10 0 1 0 -15 0 0 1 0 0 0 0 1 
11 -0.0125378 -0.999921 0 -13 0.999921 -0.0125378 0 -13 0 0 1 0 0 0 0 1 
11 1 0 0 -11 0 1 0 -10 0 0 1 0 0 0 0 1 
11 1 0 0 -7 0 1 0 -10 0 0 1 0 0 0 0 1 
11 0.00857397 -0.999963 0 -5 0.999963 0.00857397 0 -8 0 0 1 0 0 0 0 1 
12 1 0 0 6 0 1 0 -1 0 0 1 0 0 0 0 1 
12 1 0 0 0 0 1 0 -1 0 0 1 0 0 0 0 1 
12 1 0 0 0 0 1 0 -4 0 0 1 0 0 0 0 1 
12 1 0 0 -3 0 1 0 -4 0 0 1 0 0 0 0 1 
12 1 0 0 3 0 1 0 -4 0 0 1 0 0 0 0 1 
12 1 0 0 3 0 1 0 -1 0 0 1 0 0 0 0 1 
14 0.164106 0.0594415 -0.553282 2.86665 -0.0576404 0.410937 0.0601506 1.6279 0.400933 0.0347487 0.235112 -1.05555 0 0 0 1 
14 -0.706946 0.547294 0.447991 6.93942 -0.617255 -0.168194 -0.768574 16.7401 -0.345287 -0.819866 0.456724 -3.16667 0 0 0 1 
14 0.147507 -0.204724 0.608059 -3.61244 -0.507202 -0.269394 -0.169262 15.4734 0.529801 -0.200904 -0.331337 -1.97917 0 0 0 1 
14 1 0 0 8.07362 0 1 0 14.8313 0 0 1 3.40417 0 0 0 1 
14 -0.994009 0.0869803 -0.0661889 7.18279 0.1093 0.791024 -0.601942 15.2799 0 -0.60557 -0.795792 5.75278 0 0 0 1 
14 0.429626 -0.107909 -0.861533 -2.39539 0.719503 0.313889 0.338351 15.6204 0.486003 -0.787732 1.50139 2.73024 0 0 0 1 
14 1 0 0 0.950043 0 -0.362945 -0.931811 14.3208 0 0.931811 -0.362945 4.88194 0 0 0 1 
14 0.96387 0.231791 -0.131255 7.01257 0 0.492746 0.870174 -16.228 0.266374 -0.838734 0.474943 -8.25972 0 0 0 1 
14 -0.192869 -0.250667 0.107525 -9.48494 -0.35465 0.13632 -0.0584749 0.00127792 0 -0.0351888 -0.992481 -4.67642 0 0 0 1 
14 1 0 0 -6.87006 0 1 0 0.874901 0 0 1 -5.44169 0 0 0 1 
14 1 0 0 -12.8489 0 1 0 -12.4092 0 0 1 -5.91111 0 0 0 1 
15 -0.295353 -0.256767 -0.945376 11.0793 -0.851049 -0.30312 0.316741 -11.6099 -0.192399 0.86807 -0.0770646 -7.15139 0 0 0 1 
16 2.68518 0 0 -8.09598 0 0.786939 -0.181873 0.270752 0 0.0616205 4.53035 -1.08194 0 0 0 1 
17 0.912181 -0.286013 0.293467 2.26677 -0.409788 -0.63666 0.653252 3.5745 0 -0.716143 -0.697954 0.584713 0 0 0 1 
17 -0.576786 -0.815543 -0.0469966 -0.273987 0.091359 -0.121569 0.988369 1.912 -0.811771 0.565784 0.144626 -0.211113 0 0 0 1 
18 1 0 0 3.04808 0 1 0 -6.52013 0 0 1 0.105556 0 0 0 1 
18 0.0152293 0 -2.97882 -0.244507 0 1 0 -6.5729 0.999884 0 0.0453705 -0.633339 0 0 0 1 
18 -0.0883534 0 -2.96752 -0.244507 0 1 0 -6.5729 0.996089 0 -0.26322 0.949997 0 0 0 1 
19 1.72301 0 0.421836 -8.22026 0 1.58055 0 -13.7194 -0.437918 0 1.65973 -1.97917 0 0 0 1 
19 1 0 0 -8.18977 0 1 0 -12.4078 0 0 1 -1.55695 0 0 0 1 
44 1 0 0 -11.0259 0 1 0 -12.475 0 0 1 -1.13472 0 0 0 1 1 1 36 -34
1 : Music ID
1 : Nr of Sounds (type, id, pos.x, pos.y, pos.z, distance, loopType, minInverval, maxInterval)
1 37 -4 -14 -3 10 2 5 35
8 : Nr of Lights 
11.9371 3.51679 -2.24306 1 1 0.0341663 1.31111 17.1333 0 : LIGHTS
12.6038 3.43762 -1.95278 1 1 0.0341663 2.59097 1.20372 2 : LIGHTS
11.2297 3.64873 -1.60972 1 1 0.0341663 1.35069 2.75183 2 : LIGHTS
12.6815 2.64596 -3.58889 1 1 0.0341663 2.36666 0.599991 2 : LIGHTS
11.826 2.56679 -1.6625 1 1 0.0341663 2.80208 1.27406 2 : LIGHTS
11.9297 3.41123 -2.21667 1 1 0.0341663 2.39305 4.90369 1 : LIGHTS
-2.06537 -2.245 -1.24028 1 0.535555 0 1.66736 13.3741 1 : LIGHTS
2.98888 -7.09515 -0.633335 0.968887 0.422223 0 1.98403 28.7741 1 : LIGHTS
OOOOOOOOOOOOOOOOOOOOOOOOOOOOOOOOOOO
OOOOOOOOOOOOOOOOOOOOOOOOOOOOOOOOOOO
OOOOOOOOOOOOOOOXOOOOOOOOOOOOOOOOOOO
OOOOOOOOOOOOOOOXOOOOOOOOOOOOOOOOOOO
OOOOOOOOOOOOXXXXOOOOOOOOOOOOOOOOOOO
OOOOOOOOOOOXXOOOOOOOOOOOOOOOOOOOOOO
OOOOOOOXXXXXOOOOOOOOOXXXXXXOOOOOOOO
OOXXXXXXOOOOOOOOOOOOOOOOOOXXOOOOOOO
XXXOOOOOOOOOOOOOOOOOOOOOOOOXXOOOOOO
OOOOOOOOOOOOOOOOOOOOOOOOOOOOXXXOOOO
OOOOOOOOOOOOOOOOOOOOOOOOOOOOOOXXOOO
OOOOOOOOOOOOOOOOOOOOOOOOOOOOOOOXOOO
OOOOOOOOOOOOOOOOXXXOOOOOOOOOOOOXOOO
XOOOOOOOOOOOOOOOXOXOOOOOOOOOOOOXOOO
XOOOOOOOOOOOOOOOXOXXXXXOOOOOOOOXOOO
XXXOOOOOOOOOOOOOXOOOOOXOOOOOOOOXOOX
OOXXOOOOOOOOOOOOXOOOOOXOOOOOOOOXOOO
OOOXOOOXXXXXOOOOXOOOOOXXXOOOOOOXOOO
OOOXOOOOOOOOOOOOXOOOOOOOXOOOOOOXOOO
OOOXOOOOOOOOOOOOXOOOOOXXXOOOOOXXOOO
OOOXOOOOOOOOOXXXXOOOOOXXXOOOOXXOOOO
OOOXXOOOXXXXXXOOOOOOOOXOOOOOXXOOOOO
OOOOXXXXXOOOOOOOOOOOOOXOOOOXXOOOOOO
OOOOOOOOOOOOOOOXXXXXXXXOOOOXOOOOOOO
OOOOOOOOOOOOXXXXOOOOOOOOOOOXOOOOOOO
OOOOOOOOOOOOXOOOOOOOOOOOOOXXOOOOOOO
OOOOOOOOOOOOXOOOOOOOOOOOOOXOOOOOOOO
OOOOXXXXXXXXXOOOOOOOOOXXXXXOOOOOOOO
OOOOXOOOOOOOOOOOOOOOOOOOOXOOOOOOOOO
OOOOXOOOOOOOOOOOOOOOOOOOOXOOOOOOOOO
OOOOXOOOOOOOOOOOOOOOOOOOOXOOOOOOOOO
OOOOXOOOOOOOOOOOOXOOOOOOOXOOOOOOOOO
OOOOXXXXXXXXXOOOOOOOOOOXXXOOOOOOOOO
OOOOOOOOOXXOOOOOOOOOOOOXOOOOOOOOOOO
OOOOOOOOOXOOOOOOOOOOOOOXOOOOOOOOOOO
