0 : ChuckTesta
5 : Enemy Count
Bat -2 3
Bat -1 8
Bat 0 -6
Bat 6 -9
Flame -11 -5
2 0 0 -3 :  BACKGROUND!
-1 NO SHRINE
-1
120 :  Number of world objects
0 1 0 0 3 0 1 0 10 0 0 2 0 0 0 0 1
0 9 0 0 10 0 5 0 -1 0 0 2 0 0 0 0 1
0 3 0 0 5 0 3 0 10 0 0 2 0 0 0 0 1
0 8 0 0 14 0 5 0 10 0 0 2 0 0 0 0 1
0 5 0 0 8 0 5 0 10 0 0 2 0 0 0 0 1
0 5 0 0 10 0 5 0 15 0 0 2 0 0 0 0 1
0 7 0 0 12 0 6 0 -5 0 0 2 0 0 0 0 1
0 6 0 0 12 0 8 0 -12 0 0 2 0 0 0 0 1
0 3 0 0 -15 0 5 0 15 0 0 2 0 0 0 0 1
0 3 0 0 -12 0 4 0 17 0 0 2 0 0 0 0 1
0 3 0 0 -6 0 4 0 -15 0 0 2 0 0 0 0 1
0 5 0 0 -6 0 7 0 -11 0 0 1 0 0 0 0 1
0 2 0 0 -3 0 2 0 -9 0 0 2 0 0 0 0 1
0 3 0 0 -2 0 3 0 -11 0 0 3 0 0 0 0 1
0 6 0 0 -10 0 4 0 -8 0 0 2 0 0 0 0 1
0 2 0 0 -14 0 4 0 -7 0 0 2 0 0 0 0 1
3 3.20369 0 0 17.3007 0 2.60972 0 2.54337 0 0 2.16111 -4.48611 0 0 0 1
3 2.27037 0 0 16.015 0 2.1875 0 1.80731 0 0 1.63333 -1.79444 0 0 0 1
3 2.50371 0 0 16.6963 0 2.26667 0 4.525 0 0 1.41945 -3.90556 0 0 0 1
3 3.6963 0 0 15.6742 0 3.40139 0 4.26979 0 0 2.29028 -3.27222 0 0 0 1
3 2.2963 0 0 15.9371 0 2.21389 0 2.2851 0 0 1.49861 -2.63889 0 0 0 1
3 1 0 0 16.9149 0 1 0 2.9976 0 0 1 -2.375 0 0 0 1
3 1.95926 0 0 16.9409 0 1.65972 0 6.37119 0 0 1.475 -4.30139 0 0 0 1
3 1.46667 0 0 -14.1111 0 1.44861 0 8.83132 0 0 1 -0.818054 0 0 0 1
3 0.429642 0 0 -12.1258 0 0.285497 -0.0632938 8.51326 0 0.0632938 0.997995 -0.870834 0 0 0 1
3 0.692546 -0.164825 0.155118 -12.437 -0.328863 -0.347102 0.326659 8.61882 0 -0.53285 -0.26077 -0.290283 0 0 0 1
3 -1.93438 0.136062 0.544538 6.2561 0.716921 0.367118 1.46926 13.7535 0 1.72131 -0.356404 0.527775 0 0 0 1
3 0.495393 -1.01236 0.352999 5.67082 0.126161 -0.341737 -1.07516 13.8562 1.45739 0.3737 -0.026918 -0.738888 0 0 0 1
3 0.495393 -1.01236 0.352999 6.65601 0.126161 -0.341737 -1.07516 14.4104 1.45739 0.3737 -0.026918 -0.237499 0 0 0 1
3 -0.211303 0.970613 0.115158 6.26712 0 -0.117818 0.993035 14.7007 0.977421 0.209831 0.0248952 0.369446 0 0 0 1
3 0.740738 0 0 6.31158 0 0.97361 0 14.2521 0 0 0.604168 -1.37222 0 0 0 1
3 1 0 0 6.30415 0 1 0 14.9118 0 0 1 -0.633335 0 0 0 1
3 0.351852 0 0 6.35983 0 0.340279 0 15.2104 0 0 0.498611 -0.0263824 0 0 0 1
3 0.462855 -0.119451 -0.0757889 2.88202 0.207932 0.265898 0.168706 12.5326 0 -0.116428 0.463046 1.26667 0 0 0 1
3 -0.479706 0.0205797 -0.0644503 3.60796 -0.0161819 0.227318 0.300478 12.6118 0.0613522 0.181915 -0.392652 -0.448608 0 0 0 1
3 0.352221 0.0509715 0.707602 4.0746 -0.622011 0.0288632 0.400688 12.559 0 -0.81317 0.0585765 0.976391 0 0 0 1
3 0.248154 0 0 2.41527 0 0.337503 0 11.3633 0 0 0.366665 1.24028 0 0 0 1
3 0.222229 0 0 1.82271 0 0.126386 0 11.5077 0 0 0.363889 -0.158333 0 0 0 1
3 -0.0258578 -0.075702 0.288298 1.90047 0.066386 -0.098816 -0.199131 11.4021 0.2105 0.0218647 0.0982151 0.290276 0 0 0 1
3 0.222229 0 0 1.77086 0 0.126386 0 11.3923 0 0 0.363889 1.10833 0 0 0 1
4 0.9891 0.147241 0 -12.7222 -0.147241 0.9891 0 8.89383 0 0 1 -0.875023 0 0 0 1
5 0.0146651 0.557527 -0.851572 -14.0333 -0.574847 0.799005 0.433484 9.40075 0.820356 0.474736 0.294816 -0.422222 0 0 0 1
5 1 0 0 5.00424 0 1 0 13.5562 0 0 1 0 0 0 0 1
5 1 0 0 17.4359 0 1 0 2.62862 0 0 1 0 0 0 0 1
5 1 0 0 14.4544 0 1 0 2.62862 0 0 1 0 0 0 0 1
6 -0.86369 0 -0.504023 -14.0778 0 1 0 -0.668068 0.504023 0 -0.86369 -0.606949 0 0 0 1
6 -0.697595 0.0422115 -0.715247 -13.974 0.0294729 0.999108 0.0302186 11.4174 0.715885 0 -0.698218 0.923615 0 0 0 1
7 0.747884 0.0140138 0.663682 -16.6609 -0.0140138 0.999888 -0.00532111 6.53057 -0.663682 -0.00532111 0.747996 1.13472 0 0 0 1
7 0.101183 0 -1.02376 3.17027 0 1.39583 0 -4.83106 1.41119 0 0.0734037 1.00278 0 0 0 1
7 -2.10734 0 -0.129249 1.99911 0 2.425 0 15.8757 0.0205357 0 -13.2633 -42.6444 0 0 0 1
7 0.00334205 2.31936 0.00854121 9.14049 -0.0657341 0.0199505 -0.999316 10.3431 -1.82844 0.00352215 0.0359423 0.211113 0 0 0 1
8 1 0 0 6.58902 0 1 0 -5.82825 0 0 1 0.686111 0 0 0 1
8 0.444428 -0.80002 -0.403049 -1.2363 0.889317 0.448112 0.0911524 1.86878 0.107687 -0.398949 0.910627 -0.765289 0 0 0 1
8 1 0 0 2.46576 0 1 0 14.6855 0 0 1 4.97782 0 0 0 1
8 1 0 0 -12.4528 0 1 0 11.9617 0 0 1 2.34861 0 0 0 1
9 1 0 0 8 0 1 0 -16 0 0 1 0 0 0 0 1
9 1 0 0 8 0 1 0 -15 0 0 1 0 0 0 0 1
9 1 0 0 -3 0 1 0 -14 0 0 1 0 0 0 0 1
9 1 0 0 0 0 1 0 -11 0 0 1 0 0 0 0 1
9 1 0 0 0 0 1 0 -10 0 0 1 0 0 0 0 1
9 1 0 0 -7 0 1 0 -7 0 0 1 0 0 0 0 1
9 1 0 0 -12 0 1 0 -6 0 0 1 0 0 0 0 1
9 1 0 0 -13 0 1 0 -6 0 0 1 0 0 0 0 1
9 1 0 0 -13 0 1 0 -5 0 0 1 0 0 0 0 1
9 1 0 0 -14 0 1 0 -5 0 0 1 0 0 0 0 1
9 1 0 0 -17 0 1 0 -4 0 0 1 0 0 0 0 1
9 1 0 0 -24 0 1 0 6 0 0 1 0 0 0 0 1
9 1 0 0 -17 0 1 0 7 0 0 1 0 0 0 0 1
9 1 0 0 -16 0 1 0 7 0 0 1 0 0 0 0 1
9 1 0 0 -8 0 1 0 17 0 0 1 0 0 0 0 1
9 1 0 0 7 0 1 0 -4 0 0 1 0 0 0 0 1
9 1 0 0 6 0 1 0 -4 0 0 1 0 0 0 0 1
9 1 0 0 5 0 1 0 1 0 0 1 0 0 0 0 1
9 1 0 0 3 0 1 0 9 0 0 1 0 0 0 0 1
9 1 0 0 3 0 1 0 11 0 0 1 0 0 0 0 1
9 1 0 0 2.90152 0 1 0 8.84003 0 0 1 0 0 0 0 1
9 1 0 0 6 0 1 0 17 0 0 1 0 0 0 0 1
9 1 0 0 7 0 1 0 17 0 0 1 0 0 0 0 1
10 1 0 0 7 0 1 0 -17 0 0 1 0 0 0 0 1
10 1 0 0 -3 0 1 0 -17 0 0 1 0 0 0 0 1
10 0.00857083 -0.999963 0 -4 0.999963 0.00857083 0 -15 0 0 1 0 0 0 0 1
10 1 0 0 -2 0 1 0 -13 0 0 1 0 0 0 0 1
10 1 0 0 -8 0 1 0 5 0 0 1 0 0 0 0 1
10 1 0 0 -3 0 1 0 -8 0 0 1 0 0 0 0 1
10 1 0 0 -5 0 1 0 -7 0 0 1 0 0 0 0 1
10 1 0 0 -15 0 1 0 -4 0 0 1 0 0 0 0 1
10 1 0 0 -14 0 1 0 12 0 0 1 0 0 0 0 1
10 0.0296789 -0.999559 0 -15 0.999559 0.0296789 0 10 0 0 1 0 0 0 0 1
10 0.0296789 -0.999559 0 -13 0.999559 0.0296789 0 14 0 0 1 0 0 0 0 1
10 1 0 0 -11 0 1 0 15 0 0 1 0 0 0 0 1
10 1 0 0 -9 0 1 0 16 0 0 1 0 0 0 0 1
10 -0.0125347 0.999921 0 7 -0.999921 -0.0125347 0 15 0 0 1 0 0 0 0 1
10 0.00857098 -0.999962 0 9 0.999962 0.00857098 0 -9 0 0 1 0 0 0 0 1
10 1 0 0 6 0 1 0 7 0 0 1 0 0 0 0 1
10 1 0 0 16 0 1 0 2 0 0 1 0 0 0 0 1
10 1 0 0 4 0 1 0 8 0 0 1 0 0 0 0 1
10 1 0 0 6 0 1 0 13 0 0 1 0 0 0 0 1
10 1 0 0 4 0 1 0 12 0 0 1 0 0 0 0 1
10 -0.0125376 0.999921 0 2 -0.999921 -0.0125376 0 10 0 0 1 0 0 0 0 1
10 1 0 0 -1 0 1 0 -9 0 0 1 0 0 0 0 1
11 1 0 0 1 0 1 0 -12 0 0 1 0 0 0 0 1
11 1 0 0 -9 0 1 0 -6 0 0 1 0 0 0 0 1
11 1 0 0 -14 0 1 0 8 0 0 1 0 0 0 0 1
11 1 0 0 10 0 1 0 7 0 0 1 0 0 0 0 1
11 1 0 0 -3 0 1 0 1 0 0 1 0 0 0 0 1
11 0.00857688 -0.999963 0 9 0.999963 0.00857688 0 -13 0 0 1 0 0 0 0 1
11 0.00857688 -0.999963 0 8 0.999963 0.00857688 0 -6 0 0 1 0 0 0 0 1
11 0.00857688 -0.999963 0 5 0.999963 0.00857688 0 -2 0 0 1 0 0 0 0 1
11 1 0 0 7 0 1 0 2 0 0 1 0 0 0 0 1
11 1 0 0 12 0 1 0 2 0 0 1 0 0 0 0 1
11 1 0 0 15 0 1 0 7 0 0 1 0 0 0 0 1
12 1 0 0 -15 0 1 0 1 0 0 1 0 0 0 0 1
12 1 0 0 -12 0 1 0 1 0 0 1 0 0 0 0 1
14 1 0 0 12.0163 0 1 0 17.2679 0 0 1 -4.5125 0 0 0 1
17 0.995361 -0.0957982 -0.00877772 -3.81401 -0.0227693 -0.145954 -0.989028 1.53748 0.093466 0.984642 -0.147458 1.10834 0 0 0 1
17 -0.726882 0.41331 0.548468 5.6834 0.0126607 0.806557 -0.59102 14.8331 -0.686646 -0.422658 -0.591504 0.290276 0 0 0 1
18 1 -2.32831e-010 -3.72529e-009 2.44585 -1.86265e-009 0.113881 2.0684 17.3832 0 -0.993494 0.237093 6.175 0 0 0 1
19 0.45426 -0.0188067 0.89067 6.18988 0 0.999777 0.0211105 3.1055 -0.890869 -0.00958965 0.454158 -1.00278 0 0 0 1
19 0.955455 -0.121938 -0.268768 7.35655 0.12633 0.991987 -0.00096196 2.99994 0.266732 -0.0330342 0.963204 -1.00278 0 0 0 1
19 0.956147 0.126334 0.26424 6.73434 -0.121769 0.991988 -0.033652 4.0555 -0.266374 0 0.96387 -1.00278 0 0 0 1
1 : Music ID
0 : Nr of Sounds (type, id, pos.x, pos.y, pos.z, distance, loopType, minInverval, maxInterval)
7 : Nr of Lights 
-0.560593 1.87904 0 1 1 1 0.548612 59.1333 0 : LIGHTS
-12.5519 11.7506 2.40139 0.44 0.0686111 0 6.65486 1.21481 2 : LIGHTS
-12.3185 11.6617 2.58611 0.44 0.0686111 0 6.65486 1.21481 2 : LIGHTS
-12.4741 11.695 2.58611 0.44 0.0686111 0 6.65486 1.21481 2 : LIGHTS
-12.4518 11.8097 2.42778 0.891855 0.387778 0 4.63611 9.42229 0 : LIGHTS
6.5739 -5.75806 0.659721 1 0.678056 0 0.838888 41.2445 1 : LIGHTS
2.42365 14.6373 4.9875 0.942963 0.704444 0 0.852082 26.4777 1 : LIGHTS
OOOOOOOOOXOOXXXXOOOOOOOXXOOOOOOOOOO
OOOOOOOXXXOOOOOOOOOXOOOOXOOOOOOOOOO
OOOOXXXXOOOOOOOOOOOOOOOXXOOOOOOOOOO
OOOOXOOOOOOOOOOOOOOOOOOXXOOOOOOOOOO
OOOOXOOOOOOOOOOOOOOOOXXXXOOOOOOOOOO
OOXXXOOOOOOOOOOOOOOOXXOOOOOOOOOOOOO
OOXOOOOOOOOOOOOOOOOXXOOOOOOOOOOOOOO
OOXXOOOOOOOOOOXXXXXXOOOOOOOOOOOOOOO
OOXXOOOOOOOOOOOOOOOXXOOOOOOOOOOOOOO
OXXXXXOOOOOOOOOOOOOOXXXOOOOOOOOOOOO
XXOOOOOOOOOOOOOOOOOOOOXXXXXXXXXXXXX
OOOOOOOOOOOOOOOOOOOOOOOOOOOOOOOOOOO
OOOOOOOOXXXOOOOOOOOOOOOOOOOOOOOOOOO
OOOOOOOOOOOOOOOOOOOOOOOOOOOOOOOOOOO
OOOOOOOOOOOOOOOOOOOOOOOOOOOOOOOOOOO
XXXXXXXOOOOOOOOOOOOOOOXXXXXXXXXXXXX
OOOOOOXOOOOOXXXXXOOOOOXOOOOOOOOOOOO
XXXXXXXOOOOOOOOOOOOOOOXOOOOOOOOOOOO
OOOXOOOOOOOOOOOOOOOOOOXOOOOOOOOOOOX
OOOOOOOOOOOOOOOOOOOOOOXOOOOOOOOOOOO
OOOOOOOOOOOOOOOOOOOOOOXOOOOOOOOOOOO
XXXXOOOOOOOOOOOOOOOOOOXXXXOOOOOOOOO
OOOXXOOOOOOOOOOOOOOOOOOOOXOOOOOOOOO
OOOOXXXXXXXOOOOOOOOOOOOOOXOOOOOOOOO
OOOOOOOOOOXXXXOOOOOOOOOOOXOOOOOOOOO
OOOOOOOOOOOOOXXXOOOOOOOOOXXOOOOOOOO
OOOOOOOOOOOOOOOXXXOOOOOOOOXOOOOOOOO
OOOOOOOOOOOOOOOOOXOOOOOOOOXOOOOOOOO
OOOOOOOOOOOOOOOOOXOOOOOOOOXOOOOOOOO
OOOOOOOOOOOOOOOOXXXXXOOOOOXOOOOOOOO
OOOOOOOOOOOOOOXXXOOOOOOOOOXOOOOOOOO
OOOOOOOOOOOOOXXOOOOOOOOOOOXOOOOOOOO
OOOOOOOOOOOOOXOOOOOOOOOOOXXOOOOOOOO
OOOOOOOOOOOOOXOOOOOOOOOOOXOOOOOOOOO
OOOOOOOOOOOOOXXXOOOOOOOXXXOOOOOOOOO
