0 : ChuckTesta
1 : Enemy Count
Spider -7 14
-1 NO BACKGROUND
-1 NO SHRINE
-1 NO HEALTH PICKUP
13 :  Number of world objects
7 -0.620364 0 0.784315 7.84489 0 1 0 9.71817 -0.784315 0 -0.620364 -0.659714 0 0 0 1 
8 1 0 0 5.15981 0 1 0 8.74315 0 0 1 1.4514 0 0 0 1 
28 1 0 0 -5.61517 0 1 0 -9.50276 0 0 1 0.263885 0 0 0 1 
36 1.51852 0 0 -7.0481 0 1.42223 0 -6.63379 0 0 1.47499 0 0 0 0 1 
36 1.51852 0 0 7.2634 0 1.42223 0 -6.60741 0 0 1.47499 0 0 0 0 1 
44 1 0 0 5.48901 0 1 0 -12.6173 0 0 1 0 0 0 0 1 0 0 0 0
45 1 0 0 5.99863 0 1 0 -14.029 0 0 1 2.08472 0 0 0 1 
46 1 0 0 7.06303 0 1 0 -14.1742 0 0 1 2.19025 0 0 0 1 
47 0.379212 0.360707 -0.828655 7.88524 0 0.944916 0.390441 0.101151 0.783424 -0.174598 0.401105 1.76805 0 0 0 1 
49 -0.0262345 0.063266 -0.997652 4.89311 0.761191 0.648185 0.0210881 0.536011 0.647997 -0.75885 -0.0651623 4.72362 0 0 0 1 
50 -0.0125409 0.99992 0 6.50972 -0.99992 -0.0125409 0 -13.49 0 0 1 2.26944 0 0 0 1 
51 1 0 0 5.80792 0 0.962574 -0.271018 -0.358444 0 0.271018 0.962574 2.1375 0 0 0 1 
52 0.544036 0.123544 -0.829916 7.10747 -0.0707629 0.992332 0.101335 0.744186 0.836073 0.0035975 0.548607 1.79443 0 0 0 1 
-2 : Music ID
0 : Nr of Sounds (type, id, pos.x, pos.y, pos.z, distance, loopType, minInverval, maxInterval)
4 : Nr of Lights 
7.45198 -12.7298 3.90556 1 1 1 2.2875 10.5111 0 : LIGHTS
4.98204 8.55846 1.74165 0.631851 0.179443 0 5.71805 19.9074 0 : LIGHTS
5.19299 8.77788 1.45139 0.243704 0.0738861 0 3 5 2 : LIGHTS
-5.51149 -8.39444 0.554169 0.393332 0.0897217 1 3 5 1 : LIGHTS
XXXOOOOOOOXOOOOOOOOOOOOOXOOOOOOOXXX
XOOOOOOOOOXOOOOOOOOOOOOOXOOOOOOOOOX
XOOOOOOOXXXXXXOOOOOOOOOOXOOOOOOOOOX
XOOOOOOOOOOOOOOOOOOOOOOOXOOOOOOOOOX
XOOOOOOOOOOOOOOOOOOOOOOOXOOOOOOOOOX
XOOOOOOOOOOOOOOOOOOOOOOOXOOOOOOOOOX
XOOOOOOOOOXOOOOOOOOOOOOOXOOOOOOOOOX
XOOOOOOOOOXOOOOOOOOOOOOOOOOOOOOOOOX
XOOOOOOOOOXOOOOOOOOOOOOOOOOOOOOOOOX
XOOOOOOOOOXOOOOOOOOOOOOOOOOOOOOOOOX
XOOOOOOOOOXOOOOOOOOOOOOOOOOOOOOOOOX
XOOOOOOOOOXOOOOOOOOOOOOOOOOOOOOOOOX
XOOOOOOOOOXOOOOOOOOOOOOOOOOOOOOOOOX
XOOOOOOOOOXOOOOOOOOOOOOOOOOOOOOOOOX
XOOOOOOOOOXOOOOOOOOOOOOOXOOOOOOOOOX
XOOOOOOOOOXOOOOOOOOOOOOOXOOOOOOOOOX
XOOOOOOOOOXOOOOOOOOOOOOOXOOOOOOOOOX
XOOOOOOOOOXOOOOOOOOOOOOOXOOOOOOOOOX
XOOOOOOOOOXOOOOOOOOOOOOOXOOOOOOOOOX
XOOOOOOOOOXOOOOOOOOOOOOOXOOOOOOOOOX
XOOOOOOOOOXOOOOOOOOOOOOOXOOOOOOOOOX
XOOOOOOOOOXOOOOOOOOOOOOOXOOOOOOOOOX
XOOOOOOOOOXOOOOOOOOOOOOOXOOOOOOOOOX
XOOOOOOOOOXOOOOOOOOOOOOOXOOOOOOOOOX
XOOOOOOOOOXOOOOOOOOOOOOOXOOOOOOOOOX
XOOOOOOOOOXOOOOOOOOOOOOOXOOOOOOOOOX
XOOOOOOOOOXOOOOOOOOOOOOOXOOOOOOOOOX
XOOOOOOOOOXOOOOOOOOOOOOOXOOOOOOOOOX
XOOOOOOOOOXOOOOOOOOOOOOOXOOOOOOOOOX
XOOOOOOOOOXOOOOOOOOOOOOOXOOOOOOOOOX
XOOOOOOOOOXOOOOOOOOOOOOOXOOOOOOOOOX
XOOOOOOOOOXOOOOOOOOOOOOOXOOOOOOOOOX
XOOOOOOOOOXOOOOOOOOOOOOOXOOOOOOOOOX
XOOOOOOOOOXOOOOOOOOOOOOOXOOOOOOOOOX
XXXOOOOOOOXOOOOOOOOOOOOOXOOOOOOOXXX
